6 0.921354 0.347685 0.025 0.0490741
7 0.93099 0.333333 0.0182292 0.0722222
7 0.990365 0.330093 0.0171875 0.0898148
7 0.875781 0.325463 0.0192708 0.0675926
0 0.120573 0.375 0.0421875 0.103704
1 0.744531 0.336111 0.0119792 0.0166667
6 0.783073 0.322222 0.0296875 0.0537037
1 0.696094 0.333333 0.0119792 0.0185185
6 0.559635 0.309259 0.0390625 0.0703704
6 0.627865 0.30787 0.0317708 0.0694444
6 0.120312 0.377778 0.0427083 0.0981481
7 0.184635 0.312963 0.0390625 0.181481
0 0.297135 0.325926 0.0265625 0.0648148
7 0.33776 0.293056 0.0213542 0.100926
7 0.43776 0.252315 0.0536458 0.197222
7 0.597656 0.268519 0.0348958 0.140741
7 0.239844 0.269444 0.0421875 0.225926
