7 0.0544271 0.349537 0.0255208 0.112037
12 0.882031 0.453704 0.197396 0.101852
6 0.714844 0.333796 0.145313 0.386111
7 0.0200521 0.30787 0.0390625 0.308333
7 0.232292 0.310185 0.0177083 0.0648148
2 0.126042 0.351852 0.0729167 0.0814815
4 0.416927 0.309722 0.0151042 0.0398148
3 0.0927083 0.349537 0.00833333 0.0694444
7 0.793229 0.236111 0.0770833 0.303704
7 0.535677 0.115278 0.0942708 0.225
0 0.715885 0.330093 0.144271 0.389815
7 0.397396 0.272685 0.0583333 0.176852
6 0.516146 0.321759 0.211458 0.249074
0 0.286719 0.331019 0.0369792 0.0861111
7 0.152604 0.243056 0.11875 0.469444
