1 0.746354 0.32963 0.0114583 0.0166667
7 0.892448 0.326389 0.0161458 0.0564815
7 0.671615 0.2625 0.0265625 0.141667
7 0.284635 0.310648 0.0234375 0.087963
7 0.608333 0.272222 0.0291667 0.125926
7 0.322917 0.29537 0.0270833 0.111111
7 0.576823 0.272222 0.0307292 0.124074
6 0.259115 0.363889 0.0734375 0.159259
0 0.258594 0.360648 0.0755208 0.167593
7 0.0476562 0.335185 0.0338542 0.187037
0 0.202865 0.346759 0.0348958 0.0824074
6 0.979948 0.356019 0.0390625 0.123148
1 0.0190104 0.493519 0.0359375 0.0777778
