2 0.021875 0.322685 0.0427083 0.249074
7 0.528646 0.276852 0.0229167 0.0592593
7 0.480729 0.2875 0.0197917 0.0824074
7 0.807031 0.291667 0.0203125 0.101852
2 0.0367187 0.356944 0.0734375 0.15463
0 0.776042 0.339815 0.0583333 0.118519
6 0.470052 0.31713 0.0213542 0.0435185
7 0.44401 0.287037 0.0182292 0.0777778
7 0.455469 0.288426 0.0182292 0.0861111
7 0.0234375 0.318056 0.040625 0.25463
6 0.776042 0.339815 0.0572917 0.118519
7 0.50026 0.2875 0.0213542 0.087963
0 0.539062 0.324074 0.0416667 0.0740741
6 0.0591146 0.385185 0.0494792 0.116667
7 0.575781 0.28287 0.0255208 0.10463
0 0.607031 0.314815 0.0286458 0.0648148
7 0.101562 0.308333 0.040625 0.22963
