6 0.385417 0.306944 0.025 0.0546296
7 0.852604 0.302315 0.0197917 0.0712963
0 0.385156 0.306944 0.0244792 0.0564815
0 0.314063 0.308333 0.0260417 0.0574074
3 0.57474 0.288426 0.00885417 0.0601852
6 0.284375 0.318981 0.0229167 0.0509259
0 0.482812 0.306481 0.0208333 0.0425926
7 0.270052 0.293056 0.0223958 0.112037
0 0.968229 0.34537 0.025 0.0611111
3 0.504948 0.29213 0.0078125 0.0675926
1 0.510938 0.328704 0.0145833 0.0240741
0 0.63151 0.306944 0.0380208 0.087963
7 0.13776 0.289815 0.0432292 0.216667
7 0.460156 0.242593 0.0473958 0.205556
2 0.541927 0.290278 0.0796875 0.0675926
