7 0.240104 0.159722 0.0270833 0.139815
0 0.361458 0.318519 0.034375 0.0925926
0 0.295312 0.325463 0.028125 0.0768519
1 0.861458 0.353241 0.0135417 0.0212963
1 0.903906 0.356944 0.0119792 0.0194444
7 0.407292 0.269444 0.0354167 0.183333
6 0.797135 0.31713 0.0380208 0.0805556
0 0.736458 0.313889 0.046875 0.0888889
7 0.128646 0.31713 0.0260417 0.125
0 0.988021 0.353241 0.0229167 0.0564815
7 0.946615 0.281944 0.0317708 0.19537
0 0.796875 0.315741 0.0395833 0.087037
7 0.967708 0.277315 0.0333333 0.223148
0 0.214583 0.421759 0.15625 0.341667
7 0.668229 0.261111 0.0416667 0.192593
7 0.374219 0.2125 0.0536458 0.382407
7 0.310937 0.2375 0.0489583 0.297222
