7 0.645052 0.266204 0.0255208 0.117593
0 0.278646 0.327315 0.0197917 0.0546296
6 0.778385 0.322222 0.0255208 0.05
0 0.633073 0.307407 0.0328125 0.0685185
0 0.236198 0.333796 0.0203125 0.0527778
0 0.777865 0.321296 0.0265625 0.0537037
1 0.748698 0.334259 0.0130208 0.0203704
7 0.291927 0.306944 0.0192708 0.0861111
7 0.322656 0.296759 0.0255208 0.112037
1 0.701563 0.333333 0.0114583 0.0185185
0 0.185156 0.349537 0.0317708 0.0842593
7 0.608333 0.272685 0.0291667 0.125
0 0.126042 0.380093 0.0552083 0.123148
7 0.567187 0.273611 0.0333333 0.134259
7 0.0445312 0.324074 0.0380208 0.22037
7 0.666146 0.272685 0.0270833 0.139815
6 0.885156 0.375926 0.129688 0.25
0 0.884896 0.374537 0.130208 0.250926
