7 0.895833 0.301389 0.0197917 0.0972222
7 0.684375 0.281481 0.015625 0.0740741
6 0.0419271 0.364352 0.0265625 0.0675926
7 0.653385 0.283333 0.0151042 0.0740741
1 0.354167 0.325 0.0125 0.0185185
7 0.635677 0.280093 0.0171875 0.0787037
0 0.113802 0.354167 0.0234375 0.0583333
7 0.66875 0.281944 0.0177083 0.0768519
0 0.0419271 0.362037 0.0286458 0.0759259
6 0.0143229 0.372685 0.0286458 0.0675926
1 0.644271 0.322222 0.0104167 0.0185185
7 0.867448 0.295833 0.0223958 0.10463
1 0.728906 0.331019 0.0119792 0.0212963
0 0.208854 0.33287 0.01875 0.0731481
3 0.435937 0.286574 0.009375 0.0861111
3 0.341146 0.298611 0.009375 0.0805556
2 0.38776 0.293519 0.106771 0.0888889
7 0.179688 0.249074 0.0864583 0.488889
