6 0.903385 0.355093 0.0348958 0.0638889
7 0.520052 0.272222 0.0182292 0.0944444
0 0.476562 0.313889 0.03125 0.0666667
7 0.489844 0.270833 0.0192708 0.0861111
7 0.952604 0.290741 0.03125 0.135185
7 0.508073 0.274074 0.0223958 0.0925926
6 0.477083 0.314352 0.03125 0.0638889
0 0.903906 0.355093 0.0348958 0.0675926
7 0.465104 0.27963 0.021875 0.0796296
0 0.971354 0.342593 0.034375 0.0777778
7 0.558594 0.274537 0.0369792 0.119444
7 0.636458 0.246759 0.0458333 0.223148
0 0.579167 0.310185 0.0458333 0.107407
