0 0.861719 0.331019 0.0328125 0.0787037
7 0.339323 0.283796 0.0276042 0.0898148
1 0.896354 0.355093 0.0135417 0.025
7 0.694271 0.244907 0.0291667 0.0805556
7 0.667448 0.249074 0.0192708 0.0722222
7 0.854427 0.256944 0.0390625 0.234259
0 0.771615 0.312037 0.0421875 0.0851852
6 0.771354 0.312037 0.0447917 0.087037
0 0.704948 0.313426 0.0463542 0.087963
7 0.879687 0.256019 0.046875 0.247222
0 0.338281 0.322685 0.0401042 0.0898148
7 0.378646 0.284722 0.0291667 0.134259
0 0.0713542 0.386574 0.10625 0.352778
7 0.622135 0.258796 0.0453125 0.186111
7 0.258594 0.243056 0.0463542 0.293519
7 0.298177 0.224074 0.0494792 0.364815
7 0.182292 0.259259 0.0447917 0.292593
