6 0.967969 0.359259 0.0223958 0.0481481
7 0.928646 0.333333 0.0229167 0.0777778
7 0.936458 0.330093 0.0208333 0.0861111
6 0.990625 0.364352 0.01875 0.0564815
0 0.990625 0.3625 0.0177083 0.0583333
0 0.865104 0.326852 0.028125 0.0648148
7 0.945312 0.325 0.0229167 0.0907407
7 0.814062 0.300926 0.0197917 0.0851852
6 0.811198 0.331019 0.0369792 0.0694444
0 0.0122396 0.383333 0.0203125 0.062963
1 0.945052 0.365741 0.0119792 0.0203704
3 0.308854 0.303704 0.00520833 0.0611111
3 0.244531 0.312037 0.00677083 0.0592593
1 0.438021 0.330093 0.0135417 0.0231481
7 0.788542 0.296296 0.0260417 0.0981481
0 0.34974 0.316204 0.0265625 0.0638889
7 0.382292 0.258796 0.0291667 0.169444
0 0.718229 0.321759 0.0510417 0.113889
7 0.471615 0.225463 0.0536458 0.286111
2 0.276302 0.310185 0.0703125 0.0611111
