6 0.241146 0.333796 0.0239583 0.0694444
6 0.96849 0.361111 0.0255208 0.062963
0 0.866406 0.333796 0.0223958 0.0564815
7 0.64375 0.27037 0.028125 0.122222
7 0.155469 0.320833 0.0213542 0.0972222
6 0.708073 0.314352 0.0286458 0.062037
7 0.24401 0.329167 0.0255208 0.075
0 0.789583 0.322222 0.028125 0.0518519
6 0.155208 0.350463 0.0166667 0.0361111
6 0.838281 0.331944 0.0296875 0.0564815
7 0.73125 0.265278 0.0166667 0.0324074
6 0.991927 0.37037 0.0161458 0.0611111
1 0.769792 0.338426 0.0125 0.0194444
0 0.415104 0.313426 0.01875 0.0509259
0 0.708333 0.311111 0.028125 0.0666667
7 0.85599 0.295833 0.0265625 0.128704
1 0.814323 0.344907 0.0119792 0.0194444
2 0.183594 0.330556 0.0484375 0.0685185
7 0.46901 0.275463 0.0213542 0.115741
3 0.20651 0.328241 0.00572917 0.0601852
7 0.171875 0.318056 0.0229167 0.0972222
7 0.686719 0.27037 0.0338542 0.12963
7 0.0945313 0.325926 0.0265625 0.124074
