4 0.245573 0.301852 0.0119792 0.0259259
7 0.708333 0.271296 0.028125 0.087037
0 0.021875 0.397685 0.0166667 0.0398148
7 0.0109375 0.350463 0.0197917 0.137963
7 0.598698 0.278241 0.0192708 0.0842593
7 0.190885 0.311111 0.0161458 0.0907407
1 0.788542 0.330093 0.0114583 0.0175926
7 0.90625 0.322222 0.0145833 0.062963
0 0.689583 0.307407 0.025 0.0555556
7 0.328125 0.274074 0.0291667 0.164815
7 0.272656 0.274537 0.0244792 0.162037
7 0.303906 0.285185 0.0380208 0.194444
1 0.746094 0.331019 0.0109375 0.0157407
0 0.248698 0.341667 0.0421875 0.101852
7 0.0601562 0.340741 0.0265625 0.124074
7 0.0375 0.340741 0.025 0.133333
1 0.102604 0.524537 0.0604167 0.130556
7 0.370313 0.22963 0.05625 0.324074
7 0.653125 0.206944 0.0958333 0.39537
