0 0.636979 0.313889 0.0364583 0.0666667
7 0.932552 0.334259 0.0203125 0.0703704
7 0.645052 0.266204 0.0223958 0.0990741
1 0.772656 0.339815 0.0119792 0.0222222
0 0.703385 0.310648 0.0359375 0.075
7 0.351823 0.287963 0.0171875 0.0703704
0 0.854688 0.331944 0.0239583 0.0546296
7 0.833073 0.294444 0.0234375 0.116667
0 0.986719 0.354167 0.0244792 0.0601852
1 0.821875 0.343519 0.0114583 0.0203704
7 0.221615 0.306944 0.0380208 0.223148
6 0.703906 0.311574 0.0359375 0.0731481
7 0.381771 0.286111 0.021875 0.111111
7 0.670573 0.268056 0.0307292 0.141667
0 0.145052 0.362037 0.0567708 0.153704
7 0.592448 0.236111 0.0432292 0.225926
0 0.340365 0.322222 0.0286458 0.0703704
7 0.282552 0.251852 0.0526042 0.261111
