0 0.615365 0.312963 0.0276042 0.0648148
0 0.646875 0.309259 0.0208333 0.0537037
6 0.628906 0.317593 0.0307292 0.0592593
0 0.857552 0.329167 0.0234375 0.0546296
0 0.768229 0.325 0.025 0.0444444
1 0.780469 0.335648 0.0119792 0.0212963
0 0.629948 0.315741 0.0328125 0.062963
0 0.807031 0.328704 0.0390625 0.0851852
7 0.142969 0.318981 0.0265625 0.123148
0 0.969271 0.359259 0.0427083 0.109259
7 0.45651 0.253704 0.0505208 0.198148
0 0.673958 0.30463 0.0385417 0.0833333
1 0.339583 0.483333 0.0708333 0.133333
