4 0.278646 0.300926 0.00833333 0.0185185
0 0.928385 0.337963 0.0255208 0.0574074
6 0.833333 0.323611 0.0239583 0.0472222
6 0.813281 0.318056 0.0244792 0.0509259
0 0.697135 0.309722 0.0234375 0.0527778
1 0.794531 0.334722 0.0109375 0.0157407
2 0.133854 0.34537 0.0666667 0.0703704
6 0.13151 0.359259 0.0213542 0.0388889
7 0.55599 0.27037 0.0276042 0.118519
7 0.0924479 0.325926 0.0338542 0.140741
7 0.475521 0.284722 0.021875 0.0972222
7 0.75651 0.274074 0.0442708 0.144444
6 0.697396 0.310648 0.025 0.0509259
7 0.42474 0.274074 0.0255208 0.12963
6 0.563542 0.313889 0.028125 0.05
7 0.676042 0.275 0.028125 0.12037
7 0.165625 0.311574 0.0239583 0.132407
6 0.28099 0.3375 0.0317708 0.0583333
1 0.494792 0.557407 0.113542 0.2
1 0.879427 0.497685 0.0692708 0.137963
