6 0.34375 0.292593 0.0833333 0.164815
7 0.0486979 0.161574 0.0973958 0.312037
6 0.382292 0.313889 0.0354167 0.0962963
0 0.346875 0.283333 0.0833333 0.161111
1 0.42474 0.335185 0.0213542 0.0296296
7 0.564323 0.275926 0.0192708 0.0944444
1 0.886719 0.346759 0.00989583 0.0175926
3 0.771875 0.303241 0.00833333 0.0731481
7 0.0619792 0.287963 0.122917 0.498148
7 0.542969 0.277315 0.0213542 0.0953704
1 0.44401 0.332407 0.0130208 0.0222222
7 0.416927 0.265278 0.0401042 0.175
3 0.684375 0.294444 0.009375 0.0814815
7 0.239063 0.272222 0.15625 0.522222
2 0.727344 0.297222 0.0942708 0.0814815
