7 0.786198 0.29213 0.0171875 0.0731481
7 0.61849 0.284259 0.0161458 0.0648148
7 0.755208 0.290278 0.0135417 0.062037
7 0.174219 0.314815 0.0192708 0.0814815
7 0.808073 0.300463 0.0182292 0.0675926
2 0.473958 0.293519 0.071875 0.087037
1 0.417448 0.330556 0.0109375 0.0222222
0 0.321094 0.316204 0.0203125 0.0453704
6 0.229167 0.32963 0.0208333 0.0388889
7 0.43776 0.251852 0.0369792 0.161111
7 0.495573 0.24213 0.0359375 0.217593
0 0.873698 0.32963 0.0244792 0.0592593
0 0.396875 0.3125 0.034375 0.0805556
