4 0.217448 0.334722 0.0203125 0.0435185
7 0.046875 0.328704 0.0197917 0.127778
0 0.74349 0.311574 0.0432292 0.0898148
6 0.780469 0.315278 0.0296875 0.0787037
7 0.869531 0.276389 0.0369792 0.165741
7 0.0625 0.333333 0.0322917 0.112963
1 0.80599 0.338889 0.0140625 0.0222222
0 0.780469 0.3125 0.0286458 0.0805556
7 0.748177 0.259259 0.0588542 0.175926
7 0.0914062 0.32037 0.0276042 0.124074
7 0.838542 0.266667 0.0322917 0.164815
0 0.0677083 0.405556 0.0635417 0.166667
0 0.19349 0.381019 0.103646 0.275
6 0.191927 0.377315 0.100521 0.273148
7 0.497917 0.200463 0.084375 0.382407
0 0.557552 0.322222 0.157813 0.455556
