7 0.827604 0.333796 0.0197917 0.0824074
6 0.638281 0.30787 0.0557292 0.110185
0 0.0627604 0.3875 0.0317708 0.075
7 0.160417 0.336111 0.01875 0.0555556
4 0.334375 0.282407 0.0104167 0.0166667
3 0.138542 0.340278 0.00729167 0.0583333
6 0.967448 0.367593 0.0432292 0.0925926
7 0.438802 0.285185 0.0296875 0.112963
0 0.406771 0.316204 0.021875 0.0583333
6 0.0630208 0.386111 0.0322917 0.0759259
0 0.96901 0.362963 0.0453125 0.0981481
6 0.329688 0.331481 0.046875 0.0907407
0 0.329427 0.331944 0.0463542 0.0916667
7 0.365104 0.293056 0.0208333 0.0990741
1 0.810156 0.363889 0.0171875 0.0333333
7 0.678906 0.238426 0.0432292 0.225
6 0.708333 0.318981 0.0458333 0.102778
1 0.884896 0.381481 0.0197917 0.037037
2 0.107552 0.349074 0.0671875 0.0740741
7 0.579167 0.250463 0.040625 0.213889
