6 0.819271 0.323611 0.0239583 0.0472222
7 0.913542 0.330093 0.0197917 0.0638889
7 0.894271 0.294907 0.0208333 0.121296
0 0.940365 0.343056 0.0265625 0.0564815
6 0.377865 0.319444 0.0161458 0.0314815
6 0.939583 0.343056 0.028125 0.0564815
1 0.744271 0.332407 0.0104167 0.0166667
7 0.623698 0.289815 0.0234375 0.0833333
7 0.389583 0.286111 0.0177083 0.1
1 0.784375 0.334259 0.0104167 0.0185185
6 0.402344 0.317593 0.0223958 0.05
0 0.402344 0.316667 0.0223958 0.0481481
7 0.660417 0.278704 0.0260417 0.109259
6 0.546875 0.315278 0.028125 0.0509259
7 0.0794271 0.318981 0.0296875 0.173148
7 0.451042 0.278704 0.021875 0.116667
2 0.0632813 0.358333 0.0390625 0.0833333
7 0.104948 0.32037 0.0296875 0.151852
7 0.538021 0.271296 0.0302083 0.125926
7 0.877604 0.287963 0.03125 0.153704
0 0.686458 0.311111 0.025 0.0518519
3 0.0492188 0.361574 0.0078125 0.0768519
7 0.421615 0.289352 0.0203125 0.106481
7 0.214062 0.299074 0.0270833 0.140741
6 0.278385 0.338889 0.0348958 0.0685185
