7 0.990365 0.296759 0.0192708 0.173148
7 0.153125 0.318981 0.01875 0.0935185
0 0.988281 0.365278 0.0234375 0.0861111
7 0.365885 0.264352 0.0526042 0.176852
1 0.351302 0.341667 0.0140625 0.0240741
7 0.348437 0.265741 0.03125 0.168519
0 0.17526 0.34537 0.0213542 0.0555556
7 0.386198 0.263889 0.0296875 0.166667
3 0.521354 0.290741 0.00625 0.0611111
3 0.450521 0.295833 0.00625 0.0601852
0 0.621875 0.305093 0.03125 0.0768519
0 0.877865 0.338426 0.0567708 0.147222
2 0.486198 0.29537 0.0755208 0.0592593
