0 0.891667 0.328241 0.028125 0.0694444
7 0.0692708 0.33287 0.028125 0.132407
7 0.196354 0.319444 0.0197917 0.0759259
7 0.695052 0.274537 0.0223958 0.0824074
7 0.855729 0.298148 0.025 0.105556
6 0.689583 0.309722 0.0302083 0.0638889
7 0.0114583 0.328704 0.0208333 0.166667
6 0.754427 0.314352 0.0328125 0.0675926
7 0.451823 0.269444 0.0213542 0.125926
6 0.19974 0.355556 0.0401042 0.0814815
0 0.200521 0.344444 0.040625 0.1
0 0.0651042 0.373148 0.0229167 0.0462963
6 0.920833 0.342593 0.0302083 0.0574074
0 0.920052 0.34213 0.0317708 0.0601852
7 0.0828125 0.330556 0.0260417 0.125926
1 0.825 0.347222 0.0114583 0.0203704
0 0.808073 0.322222 0.0223958 0.0518519
6 0.534896 0.309722 0.0364583 0.0768519
7 0.720312 0.273148 0.034375 0.138889
7 0.440885 0.266667 0.0307292 0.15
0 0.386198 0.3125 0.0307292 0.0694444
7 0.0307292 0.326852 0.028125 0.174074
2 0.0783854 0.343981 0.0901042 0.100926
6 0.0653646 0.373611 0.0244792 0.0472222
7 0.547396 0.259259 0.0333333 0.148148
0 0.754687 0.3125 0.0322917 0.0731481
7 0.608854 0.265741 0.0291667 0.125926
1 0.873698 0.353241 0.0140625 0.0212963
7 0.396094 0.268519 0.0307292 0.151852
3 0.120052 0.340741 0.0078125 0.0759259
