7 0.210677 0.310185 0.0276042 0.0944444
0 0.0471354 0.371296 0.0161458 0.0481481
7 0.896615 0.275463 0.0401042 0.178704
7 0.128646 0.305093 0.025 0.147222
0 0.0690104 0.366204 0.0223958 0.0472222
7 0.930469 0.227778 0.0276042 0.0925926
12 0.179688 0.484722 0.359375 0.139815
6 0.471354 0.35 0.10625 0.22963
7 0.248177 0.312963 0.0223958 0.0833333
2 0.0809896 0.347222 0.0588542 0.0759259
7 0.295312 0.304167 0.0229167 0.0824074
7 0.164583 0.324074 0.025 0.0907407
7 0.0786458 0.319444 0.021875 0.127778
7 0.225781 0.309259 0.0276042 0.0925926
7 0.278385 0.308796 0.0182292 0.0824074
7 0.401563 0.3 0.0447917 0.0814815
7 0.879427 0.270833 0.0348958 0.180556
7 0.142708 0.305093 0.0302083 0.141667
7 0.0960938 0.325926 0.0234375 0.109259
1 0.202344 0.365741 0.0151042 0.0240741
0 0.470313 0.341667 0.108333 0.25
7 0.182552 0.289815 0.0276042 0.15
0 0.933594 0.353704 0.0651042 0.183333
0 0.649479 0.306481 0.0864583 0.22963
7 0.726042 0.215278 0.0979167 0.352778
7 0.810156 0.228241 0.0942708 0.434259
