7 0.0921875 0.358796 0.0166667 0.0416667
0 0.0916667 0.35787 0.0177083 0.0416667
7 0.233333 0.308333 0.0229167 0.0833333
0 0.873698 0.319907 0.0588542 0.106481
6 0.265885 0.360185 0.0723958 0.146296
12 0.11276 0.441667 0.225521 0.0925926
7 0.190885 0.312037 0.0213542 0.0944444
7 0.172917 0.30463 0.0229167 0.122222
1 0.213021 0.356019 0.0145833 0.0212963
0 0.265365 0.35 0.0692708 0.166667
7 0.206771 0.289815 0.0229167 0.12963
7 0.157292 0.305556 0.0197917 0.124074
0 0.738281 0.344907 0.0828125 0.175
7 0.126823 0.3125 0.0203125 0.119444
0 0.442187 0.321759 0.0697917 0.169444
7 0.836458 0.262963 0.0395833 0.174074
7 0.928906 0.285185 0.0380208 0.181481
7 0.763802 0.197222 0.0651042 0.377778
7 0.597135 0.222685 0.0869792 0.332407
