7 0.109115 0.32037 0.0203125 0.109259
7 0.0127604 0.335648 0.0244792 0.212037
1 0.351562 0.339815 0.015625 0.0277778
3 0.521875 0.29213 0.00625 0.0601852
0 0.984115 0.362037 0.0296875 0.087037
0 0.180208 0.340741 0.0239583 0.0648148
7 0.985937 0.292593 0.028125 0.162963
3 0.453906 0.294444 0.00677083 0.0611111
7 0.386979 0.267593 0.0291667 0.162963
7 0.333594 0.266667 0.0442708 0.17037
0 0.622135 0.305556 0.0307292 0.0740741
0 0.871354 0.339815 0.05625 0.140741
2 0.488021 0.296296 0.0739583 0.0574074
