6 0.8 0.331481 0.01875 0.0407407
0 0.58724 0.309259 0.0265625 0.0555556
4 0.765104 0.27963 0.015625 0.0314815
4 0.114323 0.30787 0.0130208 0.0231481
3 0.00598958 0.371759 0.0109375 0.149074
7 0.518229 0.285648 0.0197917 0.0842593
6 0.129948 0.362037 0.0494792 0.112963
7 0.797917 0.271759 0.0375 0.152778
7 0.547135 0.254167 0.0223958 0.0638889
7 0.457031 0.267593 0.0307292 0.137037
7 0.157031 0.275926 0.0619792 0.233333
6 0.586979 0.311111 0.0260417 0.0518519
7 0.613021 0.264815 0.03125 0.116667
3 0.0903646 0.34213 0.0140625 0.112037
7 0.185937 0.27963 0.0385417 0.238889
7 0.497656 0.262963 0.0286458 0.138889
2 0.05 0.36713 0.0989583 0.160185
6 0.766146 0.329167 0.0447917 0.0972222
