1 0.765365 0.289815 0.0109375 0.0185185
0 0.48724 0.310185 0.0234375 0.0555556
1 0.577344 0.322222 0.0109375 0.0166667
7 0.747396 0.300926 0.0177083 0.0703704
7 0.302604 0.297222 0.0145833 0.0796296
7 0.724479 0.300463 0.0145833 0.0546296
0 0.553385 0.309259 0.0171875 0.0407407
0 0.98151 0.380556 0.0359375 0.268519
6 0.486979 0.311574 0.0239583 0.0509259
6 0.458854 0.316667 0.03125 0.0592593
7 0.954948 0.301852 0.0296875 0.135185
2 0.009375 0.371296 0.01875 0.0759259
4 0.990625 0.248611 0.0166667 0.0564815
0 0.458333 0.315741 0.03125 0.0611111
3 0.0158854 0.367593 0.0078125 0.0666667
0 0.136198 0.348148 0.0182292 0.0481481
3 0.802344 0.296759 0.0130208 0.136111
3 0.877865 0.29213 0.0171875 0.189815
1 0.82474 0.348611 0.0161458 0.0287037
1 0.197656 0.356944 0.0119792 0.0194444
2 0.85625 0.29537 0.119792 0.190741
