0 0.379948 0.316204 0.0255208 0.0601852
3 0.846354 0.313889 0.00833333 0.0574074
7 0.221615 0.312963 0.0161458 0.0703704
7 0.336458 0.281481 0.0239583 0.0648148
0 0.325 0.331944 0.0302083 0.0638889
7 0.49974 0.274537 0.0234375 0.115741
7 0.408073 0.246759 0.0317708 0.193519
6 0.32526 0.332407 0.0307292 0.062963
7 0.530729 0.278241 0.01875 0.0861111
6 0.579948 0.307407 0.0203125 0.0407407
7 0.135677 0.319907 0.0192708 0.102778
7 0.115365 0.325 0.0171875 0.1
7 0.304688 0.301852 0.021875 0.101852
2 0.815625 0.311111 0.0645833 0.0574074
0 0.822917 0.323611 0.0291667 0.062037
6 0.71875 0.317593 0.046875 0.0907407
6 0.546354 0.316204 0.0291667 0.0583333
7 0.154687 0.317593 0.0208333 0.0981481
1 0.839063 0.351389 0.015625 0.0268519
