7 0.610417 0.262037 0.025 0.135185
2 0.0104167 0.377778 0.0208333 0.0740741
6 0.665885 0.310185 0.0328125 0.0666667
1 0.696615 0.323148 0.0151042 0.0222222
3 0.0166667 0.370833 0.009375 0.062037
4 0.213542 0.293519 0.0177083 0.0296296
7 0.109635 0.33287 0.0203125 0.0842593
0 0.69401 0.304167 0.0276042 0.0601852
0 0.634115 0.306019 0.0411458 0.0712963
1 0.0908854 0.381481 0.0109375 0.0166667
12 0.0893229 0.431481 0.178646 0.0722222
7 0.666667 0.250926 0.0260417 0.087037
7 0.13099 0.331481 0.0182292 0.0759259
0 0.664844 0.309259 0.0328125 0.0666667
3 0.903125 0.316204 0.00833333 0.0694444
7 0.0947917 0.320833 0.0208333 0.113889
3 0.971875 0.32963 0.00833333 0.0722222
7 0.584375 0.256944 0.028125 0.152778
7 0.0523437 0.340741 0.0234375 0.103704
6 0.214583 0.354167 0.0541667 0.121296
7 0.256771 0.284722 0.0489583 0.186111
0 0.33099 0.318981 0.0546875 0.136111
7 0.422656 0.2375 0.0494792 0.260185
0 0.5375 0.318519 0.0552083 0.12963
7 0.820312 0.222685 0.1 0.436111
7 0.759896 0.207407 0.0625 0.407407
2 0.93724 0.324537 0.0765625 0.0768519
