0 0.0473958 0.378241 0.0166667 0.0453704
7 0.0252604 0.385185 0.0161458 0.05
4 0.955208 0.297685 0.0125 0.0361111
4 0.949479 0.336574 0.015625 0.0342593
6 0.982031 0.374074 0.0359375 0.287037
1 0.0148437 0.406481 0.00989583 0.0148148
7 0.288542 0.299074 0.01875 0.087037
0 0.293229 0.32963 0.021875 0.0388889
6 0.29349 0.32963 0.0223958 0.0388889
0 0.180469 0.356481 0.0296875 0.0611111
0 0.982031 0.381944 0.0348958 0.275
6 0.920052 0.374074 0.0838542 0.190741
0 0.0255208 0.386111 0.015625 0.0462963
7 0.309115 0.298148 0.0192708 0.0888889
4 0.985156 0.235648 0.0192708 0.0564815
3 0.434896 0.299537 0.00833333 0.0657407
7 0.640104 0.290278 0.0708333 0.136111
7 0.67526 0.291204 0.0307292 0.132407
3 0.3625 0.306019 0.00833333 0.0675926
6 0.180469 0.359259 0.0296875 0.0592593
7 0.95 0.122222 0.0708333 0.238889
0 0.922917 0.373611 0.090625 0.200926
0 0.252604 0.333796 0.0260417 0.0657407
2 0.398177 0.304167 0.0786458 0.0694444
