6 0.422917 0.305093 0.0208333 0.0509259
0 0.476302 0.303241 0.0203125 0.0583333
1 0.490365 0.320833 0.00885417 0.0138889
0 0.395052 0.312037 0.0244792 0.0592593
7 0.479167 0.296296 0.0177083 0.0666667
6 0.35 0.321759 0.0302083 0.0657407
6 0.395052 0.315278 0.0255208 0.0527778
1 0.130469 0.368981 0.0109375 0.0194444
0 0.350521 0.321296 0.0302083 0.0666667
7 0.915365 0.326389 0.161979 0.637963
7 0.259115 0.294907 0.0192708 0.0972222
0 0.0854167 0.362037 0.0166667 0.0462963
6 0.763542 0.388426 0.155208 0.369444
1 0.902083 0.937963 0.195833 0.112963
