6 0.678385 0.311111 0.0265625 0.0481481
7 0.219792 0.310185 0.0229167 0.101852
7 0.284896 0.306944 0.0197917 0.0824074
0 0.129427 0.374074 0.0338542 0.0777778
0 0.574479 0.306019 0.0208333 0.0453704
7 0.455729 0.289815 0.021875 0.0796296
7 0.70651 0.276852 0.0244792 0.107407
1 0.642708 0.325463 0.0135417 0.0175926
7 0.770833 0.309722 0.0177083 0.0583333
1 0.598437 0.326389 0.0104167 0.0175926
0 0.239583 0.340278 0.0302083 0.0675926
7 0.508594 0.273148 0.0296875 0.12037
7 0.388802 0.28287 0.0244792 0.123148
7 0.796094 0.272222 0.0255208 0.15
0 0.53724 0.305556 0.0286458 0.0611111
7 0.059375 0.344444 0.01875 0.116667
6 0.129688 0.373611 0.0354167 0.0768519
3 0.932292 0.314815 0.0135417 0.135185
2 0.9625 0.334259 0.0739583 0.177778
