6 0.551823 0.31713 0.0588542 0.102778
12 0.158333 0.439352 0.316667 0.123148
2 0.974479 0.346296 0.0489583 0.0944444
0 0.552865 0.32037 0.0557292 0.1
7 0.284635 0.306944 0.0223958 0.0731481
7 0.384375 0.301852 0.028125 0.0611111
7 0.990625 0.2 0.01875 0.188889
7 0.536979 0.240278 0.0322917 0.102778
7 0.339323 0.287963 0.0286458 0.0944444
1 0.265104 0.346296 0.0125 0.0185185
7 0.207813 0.299074 0.0208333 0.0925926
7 0.313281 0.2875 0.0244792 0.0935185
7 0.233854 0.296296 0.0260417 0.105556
0 0.623958 0.311574 0.04375 0.0972222
7 0.91875 0.252778 0.0333333 0.22037
0 0.779688 0.318981 0.040625 0.0953704
7 0.629687 0.244444 0.04375 0.187037
7 0.828385 0.261574 0.0369792 0.215741
7 0.167448 0.308796 0.0213542 0.102778
7 0.965885 0.253704 0.0536458 0.3
