7 0.867969 0.169444 0.0432292 0.146296
7 0.870573 0.246759 0.0453125 0.291667
1 0.0458333 0.394444 0.009375 0.0166667
0 0.280208 0.331019 0.0291667 0.0638889
6 0.334115 0.321759 0.0182292 0.0324074
6 0.77474 0.322222 0.0598958 0.118519
0 0.482031 0.32037 0.0515625 0.0925926
6 0.638281 0.308333 0.0296875 0.0537037
6 0.748698 0.308333 0.0630208 0.125926
7 0.663542 0.282407 0.0322917 0.105556
7 0.340625 0.296296 0.0197917 0.0833333
4 0.490104 0.265278 0.0145833 0.025
7 0.70599 0.258333 0.0453125 0.198148
6 0.280469 0.333333 0.0296875 0.0611111
3 0.432292 0.301852 0.00729167 0.0574074
0 0.529688 0.308333 0.028125 0.062963
6 0.482292 0.318981 0.0520833 0.0916667
1 0.838281 0.381019 0.0255208 0.0490741
3 0.367448 0.305556 0.0078125 0.0574074
7 0.780469 0.263889 0.0609375 0.22037
7 0.0817708 0.314815 0.0322917 0.205556
7 0.972135 0.265278 0.0546875 0.517593
1 0.894271 0.40787 0.0322917 0.0638889
2 0.398698 0.305093 0.0713542 0.0583333
