4 0.310677 0.324074 0.0171875 0.0333333
7 0.604427 0.279167 0.0151042 0.0675926
7 0.680208 0.285185 0.0208333 0.0833333
7 0.636458 0.281944 0.01875 0.0768519
7 0.688802 0.286111 0.0182292 0.087037
7 0.985677 0.32037 0.0223958 0.0981481
7 0.620833 0.281019 0.0177083 0.0731481
7 0.697656 0.288426 0.0213542 0.0898148
7 0.658073 0.281944 0.0192708 0.0787037
0 0.297917 0.348148 0.08125 0.188889
7 0.749479 0.287963 0.0322917 0.0833333
2 0.148177 0.332407 0.150521 0.172222
7 0.238802 0.28287 0.134896 0.325
3 0.0864583 0.335185 0.0177083 0.174074
7 0.803385 0.226389 0.0953125 0.44537
