4 0.506771 0.189352 0.025 0.0324074
6 0.345052 0.320833 0.0317708 0.0805556
0 0.345833 0.31713 0.0333333 0.0842593
4 0.541146 0.194444 0.0197917 0.0388889
4 0.463802 0.30787 0.0213542 0.0416667
12 0.915625 0.446759 0.152083 0.087963
3 0.115365 0.346759 0.00677083 0.0694444
7 0.211719 0.30463 0.0213542 0.0907407
6 0.777865 0.330093 0.130729 0.365741
3 0.0523437 0.359722 0.0078125 0.0731481
0 0.780208 0.326389 0.135417 0.384259
6 0.539323 0.318056 0.177604 0.271296
7 0.701563 0.228241 0.0822917 0.447222
7 0.355469 0.268519 0.0473958 0.188889
7 0.523958 0.110185 0.0770833 0.214815
0 0.260677 0.333333 0.0369792 0.0944444
7 0.139062 0.250926 0.071875 0.490741
2 0.0833333 0.35463 0.0697917 0.0814815
