7 0.15599 0.34213 0.0171875 0.0583333
6 0.555208 0.311111 0.183333 0.3
7 0.969531 0.285648 0.0609375 0.258333
7 0.696354 0.137963 0.0645833 0.262963
7 0.141146 0.341204 0.0166667 0.0675926
3 0.260417 0.319907 0.00729167 0.0638889
3 0.198698 0.330556 0.0078125 0.062963
0 0.108854 0.364815 0.0208333 0.0592593
6 0.0554687 0.388426 0.0223958 0.0527778
7 0.616406 0.127315 0.0723958 0.234259
0 0.553906 0.301389 0.181771 0.310185
2 0.229687 0.326852 0.06875 0.062963
1 0.567187 0.484259 0.0802083 0.137037
7 0.413021 0.296759 0.128125 0.300926
1 0.667708 0.766667 0.194792 0.348148
7 0.721094 0.261111 0.201562 0.496296
