12 0.109115 0.428704 0.217187 0.0592593
4 0.436979 0.341667 0.0125 0.0240741
7 0.711458 0.158796 0.0375 0.0768519
4 0.440104 0.335185 0.0145833 0.0222222
0 0.470573 0.240741 0.0588542 0.148148
0 0.239583 0.351389 0.0697917 0.14537
7 0.795052 0.15463 0.0401042 0.109259
7 0.53724 0.138426 0.0307292 0.0935185
7 0.257552 0.255093 0.0838542 0.300926
6 0.467708 0.369907 0.0979167 0.14537
7 0.970833 0.251852 0.0583333 0.387037
0 0.882552 0.333796 0.0786458 0.247222
7 0.359635 0.225463 0.123438 0.428704
