7 0.176302 0.333333 0.0182292 0.0814815
0 0.151562 0.361111 0.0208333 0.0462963
7 0.0210938 0.37037 0.0192708 0.101852
1 0.894271 0.351852 0.0125 0.0222222
7 0.154427 0.328241 0.0203125 0.108333
1 0.376563 0.343056 0.0145833 0.0231481
7 0.745573 0.287037 0.0411458 0.155556
7 0.111719 0.354167 0.0244792 0.075
7 0.78724 0.299074 0.0328125 0.131481
7 0.828906 0.285185 0.0234375 0.112963
0 0.0403646 0.402778 0.0432292 0.114815
3 0.509375 0.282407 0.0135417 0.148148
3 0.352865 0.293519 0.0140625 0.135185
1 0.871094 0.363426 0.0171875 0.0305556
2 0.43099 0.287037 0.169271 0.146296
