1 0.942708 0.369444 0.0135417 0.0240741
0 0.898958 0.333333 0.03125 0.0666667
6 0.867708 0.330093 0.025 0.0601852
7 0.830469 0.297222 0.0255208 0.0796296
6 0.252344 0.315741 0.0234375 0.0555556
0 0.960677 0.350926 0.0338542 0.0759259
0 0.0299479 0.384259 0.0203125 0.0555556
6 0.898438 0.333796 0.03125 0.0657407
7 0.214323 0.293519 0.0296875 0.151852
3 0.278646 0.309259 0.00729167 0.0611111
7 0.181771 0.296759 0.0322917 0.178704
3 0.346354 0.302778 0.00625 0.0592593
6 0.828646 0.331944 0.0395833 0.0824074
7 0.803385 0.270833 0.0307292 0.143519
1 0.404167 0.335648 0.0145833 0.025
0 0.696094 0.315278 0.0588542 0.143519
0 0.442708 0.307407 0.0322917 0.0777778
7 0.0520833 0.327315 0.0354167 0.171296
1 0.982552 0.377778 0.0130208 0.0222222
2 0.311458 0.307407 0.0729167 0.0611111
