7 0.382552 0.288426 0.0182292 0.0824074
7 0.468229 0.288426 0.021875 0.0824074
7 0.878385 0.311111 0.0130208 0.0740741
7 0.404687 0.2875 0.0208333 0.0898148
7 0.448698 0.284722 0.0234375 0.0861111
7 0.427083 0.28287 0.01875 0.0805556
7 0.872917 0.310185 0.0145833 0.0740741
0 0.402604 0.317593 0.0208333 0.0481481
0 0.629167 0.313426 0.0427083 0.0824074
7 0.36901 0.283796 0.0161458 0.0824074
7 0.728385 0.268981 0.0286458 0.126852
6 0.7 0.333796 0.0666667 0.137963
0 0.53776 0.310648 0.0317708 0.0694444
7 0.511458 0.276852 0.0270833 0.103704
7 0.0200521 0.336111 0.0401042 0.227778
