7 0.0109375 0.341204 0.021875 0.189815
7 0.393229 0.283333 0.01875 0.0962963
7 0.890885 0.321759 0.0151042 0.0435185
7 0.972135 0.319907 0.0140625 0.0731481
7 0.960938 0.322222 0.0104167 0.0574074
7 0.927344 0.323148 0.0119792 0.0555556
0 0.329167 0.32037 0.0229167 0.0518519
0 0.41276 0.314815 0.0234375 0.0574074
7 0.0229167 0.336111 0.0354167 0.17037
7 0.0466146 0.338426 0.0338542 0.176852
7 0.429427 0.260648 0.0317708 0.171296
7 0.603385 0.273148 0.0213542 0.114815
7 0.357292 0.265278 0.0385417 0.186111
6 0.49349 0.327778 0.0505208 0.0981481
