7 0.288281 0.286111 0.0182292 0.109259
3 0.241146 0.322685 0.00833333 0.0509259
7 0.904427 0.275926 0.0296875 0.174074
0 0.854948 0.338889 0.0546875 0.101852
1 0.959896 0.364815 0.009375 0.0185185
2 0.263802 0.320833 0.0473958 0.0453704
7 0.333594 0.27963 0.0286458 0.103704
6 0.854167 0.338889 0.0552083 0.103704
0 0.929167 0.337963 0.0260417 0.0740741
7 0.167969 0.303241 0.0276042 0.149074
7 0.195312 0.30463 0.0291667 0.142593
7 0.3 0.287037 0.0302083 0.112963
0 0.329427 0.34213 0.0484375 0.0972222
0 0.455729 0.314815 0.0520833 0.131481
7 0.644792 0.225926 0.059375 0.290741
0 0.591406 0.314352 0.0859375 0.223148
