7 0.561198 0.283796 0.0161458 0.0675926
7 0.147917 0.346296 0.021875 0.114815
7 0.62474 0.278704 0.0390625 0.144444
7 0.0223958 0.386574 0.0166667 0.0509259
6 0.2875 0.330556 0.0208333 0.0388889
0 0.0440104 0.380093 0.0182292 0.0472222
0 0.0223958 0.385648 0.0166667 0.0472222
1 0.0179687 0.407407 0.00885417 0.012963
7 0.95625 0.170833 0.0875 0.328704
7 0.646615 0.285185 0.0765625 0.153704
7 0.670833 0.285185 0.0416667 0.155556
7 0.310677 0.299537 0.0192708 0.0898148
6 0.942448 0.366667 0.110937 0.225926
6 0.179948 0.362963 0.0296875 0.0537037
3 0.358594 0.306944 0.0078125 0.0657407
3 0.432031 0.301852 0.00677083 0.0648148
4 0.986979 0.243981 0.0177083 0.0509259
7 0.278125 0.301389 0.021875 0.0916667
0 0.251302 0.335185 0.0255208 0.0648148
0 0.943229 0.366204 0.1125 0.228704
2 0.394271 0.306944 0.0802083 0.0694444
