6 0.75 0.3125 0.0239583 0.0435185
6 0.4875 0.313426 0.0260417 0.0527778
0 0.75 0.313426 0.0229167 0.0435185
7 0.670052 0.271759 0.0369792 0.123148
7 0.969531 0.320833 0.0140625 0.0768519
6 0.0440104 0.381019 0.0369792 0.106481
0 0.0440104 0.381944 0.0380208 0.108333
7 0.477604 0.254167 0.025 0.0527778
2 0.0226563 0.373148 0.0453125 0.137037
0 0.61901 0.321296 0.0494792 0.105556
0 0.486719 0.312963 0.0255208 0.0537037
7 0.440365 0.260648 0.0328125 0.171296
7 0.414844 0.266667 0.0307292 0.148148
6 0.619531 0.325 0.0505208 0.0981481
7 0.0898438 0.308333 0.0421875 0.222222
7 0.0458333 0.294444 0.0322917 0.17037
