0 0.0992187 0.363889 0.0151042 0.0425926
1 0.213021 0.356019 0.0135417 0.0194444
0 0.075 0.37037 0.0145833 0.0425926
0 0.246354 0.3375 0.0291667 0.0675926
1 0.0664062 0.390741 0.00885417 0.0148148
0 0.897135 0.350463 0.0859375 0.175
1 0.0354167 0.400926 0.00729167 0.0148148
7 0.990365 0.0921296 0.0182292 0.184259
6 0.339844 0.324537 0.0203125 0.0361111
7 0.2125 0.320833 0.03125 0.125
7 0.354427 0.293981 0.0203125 0.0916667
3 0.476302 0.298611 0.00677083 0.062037
4 0.922396 0.250926 0.0135417 0.037037
6 0.95625 0.367593 0.0875 0.277778
7 0.336458 0.294907 0.0197917 0.087963
6 0.246615 0.339815 0.0317708 0.0685185
3 0.40651 0.302315 0.00677083 0.062037
7 0.906771 0.123148 0.0583333 0.214815
0 0.31224 0.327778 0.0234375 0.0574074
7 0.676562 0.287037 0.071875 0.138889
2 0.440885 0.302315 0.0744792 0.0601852
