7 0.731771 0.284722 0.025 0.119444
7 0.919271 0.334259 0.0375 0.112963
6 0.803646 0.333333 0.0364583 0.0759259
6 0.988802 0.374537 0.0213542 0.0935185
0 0.841406 0.334722 0.0286458 0.0675926
7 0.9875 0.350463 0.0239583 0.115741
3 0.0885417 0.353241 0.00833333 0.062037
6 0.958333 0.365741 0.0364583 0.0944444
6 0.761979 0.332407 0.0322917 0.0648148
7 0.21224 0.292593 0.0286458 0.140741
7 0.0158854 0.353241 0.0234375 0.102778
7 0.0479167 0.353241 0.0291667 0.108333
2 0.0651042 0.35787 0.0604167 0.0787037
0 0.803646 0.33287 0.0375 0.0787037
6 0.0552083 0.381019 0.03125 0.0768519
7 0.618229 0.269907 0.0416667 0.173148
0 0.588802 0.30787 0.0463542 0.0972222
1 0.723958 0.346296 0.015625 0.0277778
1 0.663542 0.342593 0.0166667 0.0259259
7 0.183333 0.299074 0.0270833 0.151852
7 0.659635 0.223611 0.0609375 0.299074
7 0.453906 0.250926 0.0484375 0.22037
