0 0.782552 0.31713 0.0255208 0.0583333
3 0.21224 0.322685 0.00677083 0.0509259
1 0.295573 0.339352 0.0109375 0.0175926
7 0.272656 0.29213 0.0203125 0.0824074
7 0.298698 0.282407 0.0203125 0.0907407
7 0.978906 0.247685 0.0421875 0.341667
2 0.185937 0.327315 0.0572917 0.0583333
7 0.251302 0.297685 0.0223958 0.0953704
0 0.509635 0.306019 0.0484375 0.113889
7 0.446615 0.268519 0.0494792 0.153704
0 0.684896 0.316204 0.046875 0.115741
7 0.566927 0.24213 0.0494792 0.221296
0 0.405729 0.313889 0.0489583 0.127778
7 0.703646 0.250463 0.0364583 0.191667
7 0.88151 0.232407 0.101562 0.442593
