7 0.568229 0.266667 0.0260417 0.12963
0 0.630729 0.306944 0.0239583 0.0564815
7 0.540365 0.280093 0.0213542 0.108333
7 0.125521 0.317593 0.0177083 0.0981481
3 0.89974 0.318519 0.00885417 0.0722222
7 0.0911458 0.330093 0.01875 0.0990741
7 0.0627604 0.337963 0.0171875 0.0981481
7 0.0796875 0.332407 0.0166667 0.0981481
0 0.277604 0.328704 0.0364583 0.0944444
7 0.865104 0.0615741 0.142708 0.123148
6 0.19349 0.355093 0.0348958 0.0787037
7 0.109896 0.325463 0.0177083 0.106481
7 0.258854 0.275926 0.05625 0.175926
2 0.939583 0.324074 0.090625 0.0851852
7 0.34401 0.287963 0.0411458 0.15
0 0.958333 0.359259 0.053125 0.127778
0 0.44375 0.323148 0.0645833 0.151852
