7 0.577344 0.281019 0.0192708 0.0824074
6 0.0502604 0.3625 0.0255208 0.0638889
0 0.16901 0.335648 0.0255208 0.0657407
7 0.783073 0.292593 0.0182292 0.0814815
6 0.16901 0.339815 0.0244792 0.0574074
1 0.647917 0.323611 0.009375 0.0175926
3 0.334896 0.300926 0.00729167 0.0722222
7 0.758854 0.2875 0.0177083 0.0824074
6 0.0804688 0.361111 0.0244792 0.0574074
7 0.969531 0.323148 0.0286458 0.111111
0 0.915885 0.344444 0.0359375 0.0907407
7 0.413281 0.226852 0.0432292 0.285185
2 0.375781 0.302315 0.0880208 0.075
0 0.145052 0.360185 0.0453125 0.114815
7 0.254687 0.210648 0.0875 0.40463
1 0.197396 0.375 0.0177083 0.0314815
