7 0.684115 0.268981 0.0182292 0.0361111
3 0.502344 0.296759 0.0078125 0.0546296
7 0.708073 0.251389 0.0203125 0.0824074
0 0.511719 0.306019 0.0182292 0.0398148
7 0.0567708 0.3125 0.0375 0.173148
0 0.485677 0.308333 0.0213542 0.0388889
7 0.5875 0.276852 0.0260417 0.122222
0 0.371875 0.382407 0.148958 0.32037
7 0.0723958 0.310648 0.0364583 0.182407
7 0.743229 0.202315 0.065625 0.25463
7 0.334375 0.268519 0.182292 0.364815
1 0.590104 0.334259 0.0166667 0.0277778
7 0.563021 0.267593 0.0302083 0.137037
2 0.525781 0.29537 0.0505208 0.05
0 0.780208 0.343981 0.164583 0.530556
