6 0.176042 0.380093 0.0541667 0.110185
12 0.0640625 0.451389 0.127083 0.0768519
0 0.175 0.378704 0.0552083 0.114815
7 0.190365 0.309259 0.0432292 0.148148
6 0.508333 0.313889 0.0572917 0.0777778
7 0.452083 0.257407 0.0375 0.1
3 0.808854 0.315741 0.00729167 0.0611111
0 0.267708 0.341204 0.046875 0.117593
7 0.0489583 0.341667 0.0270833 0.112963
3 0.73776 0.308796 0.00885417 0.0712963
0 0.913281 0.355093 0.0348958 0.0787037
7 0.639063 0.223148 0.05 0.309259
7 0.594792 0.273611 0.0333333 0.139815
0 0.451302 0.32963 0.0473958 0.116667
7 0.315885 0.268056 0.0442708 0.234259
2 0.773438 0.312037 0.0791667 0.0666667
7 0.702344 0.216204 0.0734375 0.384259
