0 0.0132813 0.386574 0.0203125 0.0453704
4 0.84375 0.251852 0.0114583 0.0333333
7 0.233594 0.325463 0.0140625 0.0564815
7 0.222396 0.337037 0.0208333 0.0611111
0 0.591927 0.307407 0.0234375 0.0611111
7 0.242448 0.319907 0.0182292 0.0675926
7 0.261979 0.326389 0.0177083 0.0546296
7 0.899479 0.194444 0.0416667 0.122222
7 0.846875 0.14213 0.0739583 0.163889
1 0.128646 0.378704 0.0114583 0.0222222
6 0.842188 0.320833 0.125 0.256481
0 0.221875 0.340741 0.0229167 0.0592593
6 0.165104 0.358796 0.0302083 0.062037
3 0.369271 0.305093 0.00729167 0.0638889
7 0.622135 0.276852 0.0380208 0.142593
7 0.971094 0.235648 0.0567708 0.391667
3 0.300781 0.312963 0.0078125 0.0648148
0 0.842708 0.32037 0.123958 0.259259
1 0.98099 0.476389 0.0380208 0.100926
2 0.334635 0.309722 0.0744792 0.0657407
