0 0.858854 0.326389 0.0239583 0.0583333
11 0.0330729 0.378704 0.0255208 0.0777778
0 0.757292 0.323611 0.0322917 0.0675926
6 0.411979 0.310185 0.0260417 0.0611111
7 0.114323 0.331019 0.0213542 0.0824074
0 0.0328125 0.376852 0.0239583 0.0796296
7 0.836979 0.262963 0.01875 0.0592593
0 0.411719 0.310185 0.0255208 0.0611111
0 0.98125 0.356019 0.0291667 0.062037
1 0.945573 0.366204 0.0130208 0.0231481
1 0.896354 0.358333 0.0125 0.0185185
0 0.825521 0.322222 0.0375 0.0740741
7 0.46849 0.288426 0.0213542 0.0805556
6 0.825521 0.324074 0.0375 0.0740741
7 0.498177 0.277315 0.0255208 0.115741
7 0.79375 0.276852 0.0354167 0.144444
2 0.0643229 0.352315 0.0713542 0.100926
3 0.0955729 0.347222 0.00885417 0.0814815
0 0.194271 0.351852 0.0572917 0.144444
7 0.0528646 0.331944 0.0380208 0.150926
0 0.449479 0.314352 0.0291667 0.0712963
7 0.305208 0.262037 0.034375 0.212963
7 0.374219 0.24213 0.0442708 0.247222
