7 0.758333 0.291204 0.0145833 0.0583333
7 0.941927 0.319907 0.0161458 0.0638889
1 0.605729 0.308333 0.009375 0.0388889
12 0.0596354 0.416667 0.116146 0.0685185
7 0.358854 0.286111 0.0208333 0.0833333
6 0.492708 0.3 0.021875 0.0444444
0 0.421875 0.298611 0.0229167 0.0472222
6 0.394792 0.303704 0.025 0.0518519
6 0.146094 0.343519 0.0380208 0.0740741
0 0.492448 0.299537 0.0223958 0.0472222
1 0.607292 0.323148 0.0114583 0.0203704
3 0.603646 0.291667 0.00729167 0.0648148
7 0.909115 0.309259 0.0161458 0.0740741
0 0.557552 0.302315 0.0276042 0.0675926
7 0.673437 0.271759 0.0291667 0.121296
7 0.710417 0.251389 0.03125 0.19537
2 0.635938 0.290741 0.071875 0.062963
