6 0.661198 0.326852 0.0494792 0.1
0 0.934635 0.349537 0.0286458 0.0712963
0 0.660677 0.319444 0.0515625 0.114815
4 0.598437 0.305093 0.0135417 0.0287037
0 0.0734375 0.381481 0.0302083 0.0685185
7 0.154167 0.308333 0.028125 0.138889
0 0.127865 0.366204 0.0328125 0.0861111
1 0.914844 0.371759 0.0161458 0.0305556
0 0.572135 0.337963 0.0786458 0.168519
1 0.858854 0.365741 0.015625 0.0277778
7 0.897135 0.22963 0.0609375 0.333333
6 0.767448 0.317593 0.0609375 0.12037
6 0.572656 0.338426 0.0786458 0.167593
7 0.725781 0.230093 0.0630208 0.286111
0 0.0333333 0.394444 0.040625 0.127778
7 0.235677 0.253241 0.0567708 0.302778
