1 0.996094 0.379167 0.0078125 0.0268519
7 0.31276 0.293981 0.0203125 0.087963
4 0.35625 0.294444 0.0104167 0.0240741
6 0.250781 0.33287 0.0203125 0.0398148
7 0.344792 0.287963 0.0229167 0.0981481
0 0.892187 0.336574 0.0291667 0.0638889
6 0.891927 0.336111 0.0296875 0.062963
3 0.304948 0.309722 0.0078125 0.062037
2 0.272656 0.313889 0.0692708 0.0648148
7 0.486719 0.271759 0.0265625 0.132407
6 0.359115 0.326389 0.0390625 0.0694444
7 0.233073 0.299074 0.0223958 0.111111
7 0.933073 0.240741 0.0557292 0.388889
7 0.523438 0.268981 0.03125 0.141667
7 0.198437 0.305556 0.0229167 0.109259
7 0.266927 0.292593 0.0223958 0.109259
7 0.66901 0.202778 0.0765625 0.4
