0 0.974219 0.344444 0.0307292 0.0703704
6 0.39401 0.311111 0.0203125 0.0462963
7 0.0989583 0.34213 0.021875 0.0824074
6 0.504687 0.306019 0.03125 0.0787037
4 0.338021 0.277778 0.0104167 0.0203704
7 0.388281 0.299074 0.0182292 0.062963
7 0.979948 0.287037 0.0369792 0.0944444
7 0.145833 0.347222 0.021875 0.0666667
0 0.146615 0.35 0.0234375 0.0592593
3 0.46849 0.293519 0.00677083 0.0555556
7 0.778646 0.286111 0.0197917 0.0907407
7 0.944792 0.301389 0.0333333 0.137963
6 0.973958 0.348148 0.028125 0.0666667
1 0.0976562 0.385648 0.0130208 0.0231481
0 0.503906 0.30463 0.0317708 0.0777778
1 0.408594 0.331944 0.0119792 0.0194444
1 0.124479 0.375 0.015625 0.0240741
1 0.0148437 0.625926 0.0286458 0.203704
2 0.435937 0.299074 0.0708333 0.0592593
0 0.634375 0.303704 0.021875 0.0537037
6 0.332812 0.325463 0.0447917 0.0805556
7 0.53776 0.27037 0.0338542 0.138889
