6 0.9 0.349074 0.0375 0.0833333
0 0.991927 0.363889 0.0161458 0.0648148
7 0.151823 0.289352 0.0411458 0.171296
7 0.983594 0.337963 0.0244792 0.087037
7 0.779688 0.278241 0.0239583 0.136111
3 0.317187 0.305556 0.00729167 0.062963
0 0.935156 0.338889 0.0317708 0.0833333
0 0.13776 0.35 0.0317708 0.0833333
0 0.899219 0.347685 0.0369792 0.0861111
3 0.245833 0.313889 0.00729167 0.0666667
7 0.182031 0.294907 0.0307292 0.165741
0 0.43776 0.307407 0.0244792 0.0611111
0 0.820312 0.336574 0.0614583 0.160185
1 0.21901 0.368519 0.0161458 0.0277778
2 0.279948 0.312037 0.0755208 0.0703704
