1 0.111458 0.375463 0.0125 0.0212963
7 0.0276042 0.385648 0.0166667 0.0601852
0 0.454427 0.314815 0.0244792 0.0666667
7 0.108854 0.350926 0.01875 0.0685185
4 0.71901 0.312963 0.0213542 0.0388889
3 0.223438 0.325 0.00729167 0.0703704
7 0.0898438 0.349537 0.0182292 0.0787037
0 0.0273438 0.3875 0.0171875 0.0546296
0 0.868229 0.335648 0.16875 0.547222
7 0.963802 0.250463 0.0703125 0.482407
3 0.154948 0.335648 0.0078125 0.0731481
7 0.480469 0.274537 0.0411458 0.182407
7 0.715885 0.255556 0.174479 0.494444
2 0.189323 0.333333 0.0744792 0.0759259
