4 0.890365 0.324537 0.0171875 0.0731481
10 0.889323 0.328704 0.0171875 0.0796296
7 0.0742188 0.338889 0.0203125 0.105556
7 0.0328125 0.343519 0.028125 0.0907407
2 0.692448 0.293056 0.0380208 0.0824074
7 0.238021 0.290278 0.0260417 0.139815
3 0.678385 0.293519 0.00885417 0.0777778
7 0.274219 0.284259 0.0338542 0.140741
0 0.0377604 0.390741 0.0328125 0.0888889
0 0.367969 0.336574 0.0682292 0.156481
1 0.454167 0.423611 0.053125 0.100926
4 0.779688 0.103704 0.0541667 0.114815
6 0.807552 0.390278 0.238021 0.493519
