7 0.147656 0.288426 0.0442708 0.234259
7 0.0786458 0.21713 0.05625 0.0953704
0 0.179948 0.388426 0.0723958 0.163889
3 0.810938 0.289352 0.0114583 0.14537
0 0.982292 0.530556 0.034375 0.390741
7 0.0789063 0.268981 0.0598958 0.197222
6 0.982292 0.543981 0.034375 0.380556
7 0.595312 0.259259 0.0364583 0.148148
7 0.709896 0.268519 0.0302083 0.135185
7 0.539844 0.265741 0.0244792 0.125926
7 0.56276 0.258796 0.0286458 0.150926
7 0.689062 0.261574 0.034375 0.150926
7 0.795833 0.276852 0.0229167 0.12037
7 0.515885 0.2625 0.0286458 0.128704
1 0.922396 0.362037 0.0145833 0.0240741
0 0.48099 0.300926 0.0609375 0.157407
0 0.219271 0.331019 0.123958 0.265741
7 0.751823 0.267593 0.0286458 0.140741
3 0.938281 0.318981 0.0119792 0.128704
1 0.242448 0.4375 0.0463542 0.087963
2 0.877604 0.301852 0.136458 0.155556
3 0.830469 0.293981 0.0140625 0.162037
