7 0.48125 0.268519 0.025 0.12963
7 0.902344 0.314352 0.0244792 0.0824074
6 0.34974 0.324074 0.0432292 0.0981481
0 0.50651 0.301852 0.0213542 0.0537037
0 0.985417 0.350463 0.028125 0.0638889
7 0.770833 0.287963 0.025 0.103704
6 0.506771 0.301389 0.021875 0.0527778
0 0.790625 0.313889 0.0364583 0.0722222
0 0.544271 0.300926 0.0177083 0.0518519
7 0.951823 0.30787 0.0244792 0.108333
6 0.160677 0.347685 0.0255208 0.0453704
6 0.986198 0.352315 0.0276042 0.062037
1 0.910417 0.353704 0.0114583 0.0185185
7 0.203646 0.303241 0.021875 0.106481
7 0.222656 0.302315 0.0223958 0.108333
2 0.169792 0.33287 0.0739583 0.0694444
7 0.138021 0.313889 0.0208333 0.118519
7 0.413021 0.290278 0.0333333 0.156481
1 0.951042 0.393056 0.0239583 0.0490741
0 0.350521 0.315278 0.0447917 0.113889
7 0.461198 0.219444 0.0598958 0.322222
7 0.86849 0.227778 0.0984375 0.362963
