7 0.507812 0.271296 0.025 0.111111
7 0.55599 0.268056 0.0296875 0.119444
7 0.188802 0.272685 0.0338542 0.187963
0 0.979427 0.353241 0.0265625 0.0583333
6 0.0914062 0.373148 0.168229 0.394444
0 0.470052 0.306481 0.0692708 0.181481
7 0.530469 0.265278 0.0369792 0.119444
3 0.86224 0.311111 0.0161458 0.114815
0 0.0921875 0.364352 0.166667 0.389815
7 0.964323 0.328241 0.0255208 0.0842593
0 0.403906 0.302315 0.0421875 0.126852
0 0.823958 0.371759 0.102083 0.225
7 0.704427 0.273148 0.0265625 0.116667
0 0.300521 0.313426 0.0864583 0.202778
3 0.760938 0.290741 0.0135417 0.137037
2 0.804427 0.300463 0.128646 0.143519
1 0.35651 0.386111 0.0307292 0.0555556
7 0.664062 0.271759 0.0270833 0.123148
