7 0.0583333 0.366667 0.0229167 0.087037
1 0.00286458 0.418519 0.00572917 0.0277778
0 0.361719 0.314352 0.0213542 0.0509259
6 0.86276 0.340278 0.0369792 0.0861111
6 0.0606771 0.383333 0.0296875 0.0722222
6 0.90625 0.350463 0.0447917 0.0898148
7 0.415104 0.28287 0.0270833 0.112037
7 0.744531 0.261111 0.0401042 0.194444
0 0.90599 0.350463 0.0442708 0.087963
0 0.383333 0.310648 0.0197917 0.062037
6 0.652865 0.305556 0.0473958 0.105556
7 0.0395833 0.364815 0.0145833 0.0685185
7 0.705469 0.238889 0.0442708 0.237037
1 0.746354 0.348148 0.0208333 0.037037
7 0.611198 0.242593 0.0369792 0.203704
0 0.652604 0.306481 0.0458333 0.1
0 0.235938 0.33287 0.0239583 0.062037
1 0.817708 0.363426 0.01875 0.0342593
2 0.0986979 0.351389 0.0807292 0.0768519
7 0.134635 0.311574 0.0276042 0.156481
