1 0.801302 0.344907 0.0109375 0.0231481
0 0.501823 0.304167 0.0682292 0.152778
7 0.202604 0.234259 0.0260417 0.111111
7 0.672656 0.28287 0.0255208 0.0935185
7 0.588802 0.267593 0.0255208 0.125926
7 0.692708 0.275463 0.0229167 0.110185
0 0.433854 0.29537 0.0416667 0.137037
7 0.732813 0.273611 0.0239583 0.117593
0 0.317448 0.311574 0.0651042 0.200926
7 0.988281 0.334722 0.0223958 0.0916667
7 0.556771 0.265741 0.0364583 0.127778
2 0.841146 0.298611 0.129167 0.14537
0 0.128125 0.380556 0.133333 0.368519
1 0.383073 0.38287 0.0338542 0.0583333
3 0.792708 0.29213 0.0135417 0.132407
0 0.863021 0.368981 0.109375 0.273148
