7 0.821615 0.296759 0.0317708 0.102778
7 0.655208 0.223148 0.0385417 0.225926
1 0.288021 0.281481 0.021875 0.0462963
7 0.847917 0.291667 0.0239583 0.116667
7 0.567708 0.14537 0.0333333 0.0722222
0 0.0979167 0.377778 0.0885417 0.27037
7 0.607292 0.233333 0.04375 0.2
7 0.781771 0.293981 0.0322917 0.102778
0 0.379427 0.302778 0.0776042 0.203704
1 0.110937 0.491667 0.0479167 0.0981481
0 0.184115 0.341204 0.0848958 0.267593
0 0.527344 0.291667 0.0796875 0.209259
3 0.93151 0.301389 0.0171875 0.189815
2 0.953906 0.306944 0.0890625 0.200926
