7 0.309635 0.307407 0.00989583 0.0703704
6 0.521094 0.3125 0.0203125 0.0638889
0 0.982813 0.364352 0.034375 0.10463
7 0.409115 0.302778 0.0151042 0.0481481
0 0.257812 0.330556 0.0333333 0.0833333
6 0.617708 0.310185 0.0229167 0.0518519
4 0.50026 0.273148 0.0109375 0.0166667
1 0.0190104 0.408333 0.00885417 0.0148148
6 0.282292 0.330556 0.015625 0.0333333
0 0.521875 0.312037 0.0208333 0.062963
3 0.310417 0.30787 0.009375 0.0694444
0 0.0236979 0.384722 0.0171875 0.0564815
0 0.0427083 0.380556 0.0197917 0.0518519
6 0.89375 0.3375 0.0385417 0.075
0 0.498177 0.321759 0.0390625 0.0787037
7 0.0242187 0.386574 0.0161458 0.0546296
6 0.776563 0.322222 0.0479167 0.0981481
7 0.290625 0.299074 0.0197917 0.0907407
6 0.498437 0.319907 0.0416667 0.0824074
6 0.257812 0.333333 0.034375 0.0833333
7 0.64401 0.281944 0.0286458 0.106481
3 0.375521 0.305093 0.00729167 0.0638889
7 0.578646 0.285185 0.01875 0.103704
1 0.916927 0.384722 0.0192708 0.0398148
7 0.73151 0.247222 0.0473958 0.222222
1 0.983333 0.408796 0.021875 0.0453704
7 0.809115 0.241204 0.0442708 0.241667
2 0.342187 0.311574 0.0677083 0.0583333
6 0.833073 0.331481 0.0494792 0.103704
