0 0.403646 0.31713 0.0166667 0.0472222
7 0.851042 0.254167 0.0239583 0.0509259
7 0.552604 0.2875 0.021875 0.075
0 0.526563 0.30463 0.0208333 0.0518519
2 0.235156 0.328704 0.0598958 0.0611111
7 0.166667 0.318056 0.015625 0.0935185
7 0.158854 0.317593 0.0197917 0.0981481
0 0.944792 0.356481 0.0322917 0.0666667
7 0.850781 0.301852 0.0286458 0.138889
6 0.94401 0.356019 0.0348958 0.0694444
7 0.945052 0.301852 0.0171875 0.0722222
7 0.716146 0.235648 0.0208333 0.0638889
6 0.222135 0.347222 0.0328125 0.0648148
7 0.775781 0.275 0.0473958 0.177778
7 0.183073 0.314352 0.0192708 0.0972222
7 0.151302 0.317593 0.0192708 0.0981481
1 0.853646 0.356944 0.0177083 0.0268519
7 0.401823 0.272685 0.0265625 0.136111
1 0.910417 0.369444 0.0166667 0.0296296
7 0.364062 0.275 0.03125 0.146296
0 0.979427 0.360185 0.0348958 0.0833333
7 0.484115 0.278241 0.0223958 0.110185
0 0.740885 0.316667 0.0432292 0.0944444
7 0.208594 0.309259 0.0244792 0.107407
7 0.897396 0.252315 0.0489583 0.265741
7 0.651042 0.248148 0.046875 0.209259
