8 0.386458 0.330556 0.0125 0.0240741
0 0.977865 0.353704 0.0286458 0.0722222
2 0.13151 0.344444 0.0421875 0.0462963
7 0.705208 0.276389 0.0322917 0.123148
0 0.866406 0.325 0.0244792 0.0777778
7 0.208854 0.302315 0.021875 0.100926
0 0.743229 0.314352 0.0260417 0.0601852
7 0.228906 0.296759 0.0161458 0.0990741
7 0.158594 0.303704 0.0213542 0.118519
1 0.972135 0.406944 0.0244792 0.0509259
7 0.180469 0.299537 0.0203125 0.119444
7 0.902344 0.225 0.0755208 0.401852
7 0.388021 0.244907 0.0510417 0.260185
