7 0.158594 0.306019 0.0244792 0.126852
12 0.0289063 0.451389 0.0578125 0.0453704
7 0.865625 0.224537 0.03125 0.110185
7 0.291667 0.186111 0.0354167 0.0648148
0 0.902604 0.331481 0.0385417 0.087037
7 0.655729 0.182407 0.0270833 0.0740741
7 0.259896 0.301852 0.0208333 0.0944444
1 0.970833 0.372222 0.0135417 0.0240741
0 0.0807292 0.398611 0.0552083 0.139815
7 0.167969 0.301389 0.0223958 0.123148
7 0.227083 0.290741 0.0239583 0.118519
7 0.14375 0.309722 0.025 0.121296
7 0.807292 0.247685 0.04375 0.226852
7 0.959115 0.28287 0.0401042 0.202778
7 0.497917 0.252778 0.15625 0.35
