12 0.178906 0.425926 0.357812 0.12963
7 0.178646 0.319907 0.0208333 0.0694444
7 0.281771 0.302778 0.0177083 0.0740741
7 0.134896 0.305093 0.0239583 0.123148
7 0.990885 0.32963 0.0182292 0.114815
3 0.942448 0.322685 0.0078125 0.062037
6 0.408594 0.313426 0.0578125 0.112037
7 0.61224 0.266204 0.0203125 0.117593
7 0.632812 0.265278 0.0291667 0.125
3 0.880469 0.309259 0.0078125 0.062963
0 0.489583 0.304167 0.0416667 0.0953704
7 0.15625 0.306481 0.0229167 0.12037
7 0.0979167 0.278241 0.0447917 0.249074
7 0.681771 0.270833 0.0229167 0.121296
0 0.790625 0.318519 0.0489583 0.118519
7 0.517187 0.255556 0.04375 0.168519
2 0.911198 0.316667 0.0692708 0.0685185
