7 0.540885 0.284259 0.0140625 0.0722222
7 0.641927 0.286111 0.0171875 0.0703704
7 0.416667 0.264352 0.0208333 0.075
7 0.930729 0.318056 0.0145833 0.0712963
7 0.959635 0.326852 0.0151042 0.0685185
7 0.588802 0.0523148 0.145313 0.10463
0 0.57526 0.312037 0.0244792 0.0592593
1 0.472135 0.328241 0.00989583 0.0175926
7 0.610677 0.287037 0.0182292 0.0685185
3 0.661198 0.29537 0.0078125 0.0685185
7 0.558854 0.285648 0.0166667 0.075
11 0.0768229 0.345833 0.113021 0.358333
6 0.574479 0.3125 0.025 0.0564815
3 0.734896 0.301389 0.00833333 0.0675926
7 0.971875 0.266667 0.0541667 0.301852
7 0.882292 0.266667 0.04375 0.235185
1 0.853906 0.366204 0.0171875 0.0287037
0 0.808073 0.325463 0.0411458 0.110185
2 0.698698 0.298148 0.0838542 0.0703704
0 0.68776 0.313426 0.0244792 0.0546296
