6 0.664844 0.305093 0.0296875 0.0601852
0 0.00703125 0.398611 0.0130208 0.0527778
7 0.820052 0.285648 0.0234375 0.10463
7 0.00807292 0.346296 0.0161458 0.12037
7 0.0507812 0.340741 0.0203125 0.112963
6 0.903385 0.3375 0.0223958 0.0453704
1 0.721615 0.328704 0.00989583 0.0166667
7 0.248177 0.282407 0.0265625 0.166667
7 0.276042 0.287037 0.040625 0.185185
1 0.764063 0.329167 0.0125 0.0194444
0 0.220313 0.34537 0.0385417 0.0981481
7 0.303646 0.276852 0.0333333 0.166667
7 0.0304688 0.344444 0.0276042 0.12963
7 0.647396 0.268519 0.0270833 0.137037
7 0.336198 0.227778 0.0515625 0.311111
1 0.33125 0.421759 0.046875 0.0861111
7 0.536719 0.213426 0.108854 0.391667
