7 0.552083 0.287963 0.021875 0.0833333
4 0.810677 0.285648 0.0192708 0.0453704
4 0.135937 0.306481 0.0135417 0.0259259
7 0.470313 0.286111 0.0145833 0.0648148
7 0.498177 0.281481 0.0161458 0.0740741
6 0.1375 0.364352 0.05 0.10463
0 0.531771 0.310648 0.0239583 0.0490741
0 0.808594 0.33287 0.0505208 0.126852
7 0.110937 0.295833 0.04375 0.223148
0 0.608854 0.318519 0.0395833 0.0833333
6 0.608854 0.318056 0.040625 0.0805556
0 0.13776 0.366204 0.0494792 0.106481
7 0.870573 0.295833 0.0276042 0.139815
7 0.772396 0.269444 0.0260417 0.146296
3 0.0286458 0.360648 0.015625 0.134259
7 0.588542 0.26713 0.025 0.132407
7 0.658073 0.26713 0.0432292 0.152778
2 0.0859375 0.354167 0.128125 0.137963
7 0.185937 0.251389 0.0802083 0.373148
6 0.808854 0.335185 0.0520833 0.124074
7 0.236198 0.259259 0.0536458 0.290741
