12 0.0880208 0.398611 0.170833 0.0657407
7 0.898177 0.310648 0.0161458 0.0638889
7 0.0145833 0.344444 0.0229167 0.112963
6 0.464583 0.308333 0.021875 0.0444444
7 0.372396 0.272222 0.0229167 0.133333
7 0.0710938 0.337037 0.0203125 0.0907407
3 0.758073 0.30463 0.00677083 0.05
7 0.0351562 0.341667 0.0213542 0.112963
3 0.690885 0.29537 0.0078125 0.0574074
1 0.619792 0.333333 0.0114583 0.0222222
0 0.928646 0.344907 0.028125 0.0824074
7 0.957031 0.274074 0.0317708 0.244444
7 0.641927 0.255556 0.0473958 0.187037
0 0.420833 0.319444 0.0489583 0.111111
2 0.723698 0.3 0.0713542 0.0555556
