7 0.0976562 0.36713 0.0223958 0.0657407
7 0.136198 0.35463 0.0171875 0.05
6 0.722656 0.303241 0.127604 0.276852
12 0.889063 0.446759 0.221875 0.0916667
7 0.116146 0.344444 0.015625 0.0666667
0 0.45651 0.3125 0.0244792 0.0657407
3 0.235938 0.323611 0.00729167 0.0657407
3 0.171875 0.33287 0.00729167 0.0638889
0 0.0984375 0.368519 0.0229167 0.062963
7 0.88776 0.225 0.0734375 0.407407
0 0.727865 0.305556 0.131771 0.272222
6 0.046875 0.391204 0.0260417 0.0583333
7 0.727604 0.122685 0.05625 0.163889
7 0.48099 0.26713 0.0369792 0.182407
1 0.899219 0.461111 0.0546875 0.103704
7 0.836198 0.219444 0.0682292 0.401852
7 0.627865 0.211574 0.0744792 0.389815
2 0.203125 0.331019 0.0697917 0.0675926
