7 0.274219 0.301852 0.0348958 0.155556
7 0.0570313 0.349537 0.0171875 0.0824074
6 0.206771 0.347685 0.0270833 0.0694444
7 0.170833 0.265278 0.0958333 0.341667
0 0.206771 0.348611 0.0260417 0.0675926
0 0.13125 0.366204 0.0260417 0.0935185
7 0.225781 0.303241 0.0286458 0.0731481
7 0.186198 0.159722 0.106771 0.152778
6 0.93776 0.343056 0.123438 0.343519
4 0.651042 0.310185 0.0239583 0.0518519
0 0.229948 0.343981 0.0338542 0.0824074
7 0.152604 0.3375 0.0635417 0.193519
6 0.659896 0.348148 0.154167 0.305556
4 0.605729 0.181019 0.01875 0.0675926
0 0.93776 0.34213 0.124479 0.349074
7 0.115625 0.316667 0.0260417 0.148148
