0 0.427604 0.309722 0.0229167 0.0657407
7 0.0984375 0.32037 0.0239583 0.114815
3 0.107813 0.343056 0.0104167 0.0842593
0 0.839583 0.322685 0.034375 0.0787037
7 0.846875 0.286111 0.025 0.111111
0 0.989323 0.358796 0.0213542 0.0657407
6 0.989062 0.356944 0.01875 0.0601852
0 0.471875 0.306019 0.0260417 0.062037
7 0.492969 0.266667 0.0213542 0.101852
6 0.0497396 0.383333 0.0244792 0.0518519
6 0.76849 0.318519 0.0380208 0.0777778
7 0.127344 0.319444 0.0276042 0.12037
6 0.839323 0.325 0.0359375 0.0722222
7 0.0325521 0.34213 0.0276042 0.141667
7 0.797135 0.282407 0.0411458 0.15
1 0.909115 0.356944 0.0130208 0.0231481
2 0.0695312 0.358333 0.0776042 0.0944444
0 0.204427 0.346296 0.0578125 0.148148
7 0.378906 0.255093 0.0463542 0.208333
7 0.329688 0.217593 0.0708333 0.42037
7 0.949219 0.250926 0.0932292 0.483333
