7 0.935417 0.277315 0.0260417 0.212037
4 0.76224 0.251389 0.0151042 0.0287037
0 0.834635 0.319444 0.0255208 0.0666667
4 0.807031 0.272222 0.0109375 0.0222222
0 0.781771 0.3125 0.0833333 0.123148
2 0.0260417 0.377778 0.0520833 0.0740741
6 0.782812 0.314352 0.0854167 0.119444
7 0.913542 0.269444 0.0333333 0.209259
7 0.95599 0.27963 0.0401042 0.227778
7 0.878385 0.266667 0.0390625 0.218519
0 0.245052 0.329167 0.0848958 0.263889
0 0.577865 0.310185 0.0682292 0.183333
7 0.166406 0.24537 0.108854 0.475926
7 0.450781 0.210648 0.0609375 0.421296
7 0.335417 0.275463 0.121875 0.387963
