6 0.919531 0.339815 0.0265625 0.062963
12 0.134115 0.409722 0.268229 0.0675926
7 0.25651 0.291204 0.0234375 0.102778
6 0.902604 0.342593 0.0354167 0.0666667
7 0.854688 0.260185 0.03125 0.212963
7 0.247656 0.294444 0.0171875 0.109259
7 0.28125 0.294907 0.0177083 0.0953704
7 0.986458 0.268981 0.0260417 0.265741
7 0.230469 0.300926 0.0182292 0.0944444
7 0.290885 0.286574 0.0255208 0.112037
7 0.214062 0.301389 0.01875 0.0953704
0 0.404687 0.318056 0.0572917 0.132407
7 0.939844 0.25787 0.0505208 0.278704
7 0.779167 0.234722 0.0677083 0.300926
0 0.595833 0.324074 0.0770833 0.17963
0 0.265365 0.354167 0.0484375 0.102778
7 0.540625 0.223611 0.065625 0.29537
