7 0.0450521 0.331019 0.0213542 0.14537
7 0.0820312 0.318056 0.0286458 0.143519
7 0.551042 0.190741 0.0322917 0.0611111
12 0.053125 0.494444 0.10625 0.0851852
6 0.785417 0.325926 0.0270833 0.0648148
7 0.201042 0.316204 0.025 0.087963
7 0.0117188 0.340278 0.0213542 0.150926
0 0.785677 0.323148 0.0265625 0.0685185
7 0.671875 0.302315 0.04375 0.217593
7 0.83099 0.277315 0.0317708 0.162037
7 0.0330729 0.334722 0.0265625 0.147222
7 0.0653646 0.325 0.0307292 0.151852
1 0.0809896 0.393519 0.0130208 0.0222222
7 0.70625 0.262963 0.0385417 0.183333
7 0.289323 0.308333 0.0369792 0.105556
7 0.0919271 0.318981 0.0244792 0.137963
7 0.627865 0.253241 0.0807292 0.306481
0 0.158854 0.365278 0.104167 0.337963
