0 0.99375 0.381019 0.0125 0.0768519
7 0.520573 0.290278 0.0203125 0.0675926
0 0.452604 0.30787 0.025 0.0490741
7 0.539844 0.281481 0.0151042 0.0703704
7 0.992188 0.350463 0.015625 0.163889
11 0.0320312 0.356019 0.0630208 0.432407
7 0.577865 0.276852 0.0182292 0.0759259
7 0.558333 0.281019 0.0177083 0.0768519
7 0.960677 0.322685 0.0119792 0.0675926
7 0.644531 0.281019 0.0192708 0.0768519
1 0.470313 0.324537 0.0104167 0.0175926
3 0.740365 0.300463 0.00885417 0.0675926
7 0.416146 0.285648 0.0427083 0.125
0 0.694271 0.310185 0.0270833 0.0648148
6 0.576302 0.311111 0.0276042 0.05
3 0.664323 0.294444 0.00885417 0.0685185
1 0.872396 0.36713 0.0177083 0.0324074
2 0.704167 0.295833 0.084375 0.0694444
7 0.901302 0.268056 0.0567708 0.236111
0 0.819792 0.325463 0.04375 0.110185
