0 0.772396 0.323148 0.0260417 0.0611111
6 0.971875 0.380556 0.0270833 0.062963
4 0.183854 0.326389 0.00833333 0.0194444
0 0.435937 0.314352 0.0177083 0.0416667
7 0.992969 0.315278 0.0140625 0.171296
0 0.45625 0.308796 0.0208333 0.0453704
7 0.822917 0.307407 0.0208333 0.1
7 0.133073 0.338426 0.0161458 0.0638889
7 0.485677 0.285185 0.0244792 0.0888889
0 0.855208 0.341204 0.0322917 0.0712963
2 0.195573 0.33287 0.0442708 0.0472222
7 0.899219 0.303704 0.0265625 0.0851852
6 0.189323 0.352778 0.0296875 0.0574074
6 0.677604 0.309259 0.0458333 0.0833333
7 0.647396 0.258796 0.040625 0.160185
1 0.120052 0.379167 0.0109375 0.0194444
1 0.735156 0.341667 0.0151042 0.0259259
7 0.153125 0.326852 0.0177083 0.0833333
0 0.330729 0.320833 0.0229167 0.0564815
0 0.0463542 0.376389 0.0229167 0.075
7 0.233854 0.302778 0.0291667 0.122222
7 0.709896 0.259722 0.0375 0.176852
1 0.784896 0.350463 0.0145833 0.025
