6 0.982813 0.420833 0.034375 0.352778
0 0.845573 0.390741 0.172396 0.401852
7 0.203385 0.293519 0.0192708 0.062963
4 0.985156 0.349074 0.0213542 0.0481481
2 0.0236979 0.375463 0.0473958 0.087963
6 0.646354 0.374074 0.071875 0.109259
7 0.177865 0.290278 0.0203125 0.0675926
7 0.267448 0.29537 0.0203125 0.1
0 0.385156 0.322685 0.0578125 0.150926
7 0.0828125 0.35 0.0177083 0.0685185
7 0.0203125 0.344907 0.0270833 0.156481
7 0.0416667 0.333333 0.0354167 0.183333
6 0.846615 0.391667 0.176563 0.401852
4 0.841927 0.146759 0.0557292 0.0972222
0 0.564844 0.318981 0.107813 0.287963
