7 0.233333 0.296296 0.01875 0.0814815
6 0.52526 0.314815 0.123438 0.244444
7 0.2375 0.319444 0.0270833 0.107407
7 0.00963542 0.360648 0.0192708 0.112037
4 0.37526 0.316204 0.0151042 0.0324074
2 0.0817708 0.357407 0.0697917 0.0796296
3 0.0518229 0.358333 0.00885417 0.0722222
6 0.426823 0.334259 0.118229 0.242593
0 0.426302 0.337963 0.118229 0.240741
7 0.347396 0.275926 0.05625 0.185185
0 0.67526 0.316667 0.149479 0.414815
7 0.592708 0.219907 0.1125 0.436111
7 0.0994792 0.246296 0.059375 0.472222
7 0.476823 0.124074 0.0588542 0.238889
0 0.241667 0.338426 0.0333333 0.0898148
