6 0.607813 0.306944 0.135417 0.236111
7 0.0140625 0.374074 0.0208333 0.0759259
6 0.574219 0.322685 0.0765625 0.182407
6 0.720052 0.316204 0.115104 0.306481
7 0.208333 0.315741 0.0177083 0.062963
0 0.602865 0.311574 0.124479 0.20463
0 0.717188 0.314352 0.119792 0.313889
7 0.373437 0.286574 0.0291667 0.119444
7 0.711198 0.105093 0.100521 0.208333
7 0.0315104 0.368981 0.0192708 0.075
3 0.12526 0.346759 0.0078125 0.0694444
4 0.623698 0.223148 0.0171875 0.0407407
7 0.625 0.112963 0.071875 0.212963
7 0.783854 0.211574 0.0854167 0.417593
3 0.0645833 0.359259 0.00833333 0.0685185
7 0.854427 0.25 0.0838542 0.374074
7 0.334115 0.294907 0.0390625 0.149074
1 0.863542 0.49213 0.065625 0.128704
2 0.0953125 0.355093 0.0666667 0.0787037
