6 0.174219 0.360648 0.0369792 0.0861111
7 0.252344 0.320833 0.0151042 0.0472222
0 0.858854 0.316204 0.05 0.126852
7 0.171875 0.30463 0.0208333 0.0907407
7 0.792188 0.263426 0.0364583 0.182407
7 0.16224 0.315741 0.0338542 0.112963
3 0.232812 0.323611 0.00520833 0.0601852
6 0.854688 0.322685 0.0489583 0.110185
0 0.17474 0.360648 0.0359375 0.0861111
0 0.521875 0.310185 0.034375 0.0722222
7 0.760417 0.26713 0.0416667 0.182407
7 0.565365 0.28287 0.0296875 0.112037
1 0.945052 0.37963 0.0161458 0.0314815
2 0.209896 0.326389 0.05 0.0657407
7 0.866406 0.25787 0.0484375 0.191667
0 0.453646 0.310185 0.0291667 0.0796296
