7 0.814844 0.312037 0.0432292 0.151852
7 0.406771 0.303704 0.0166667 0.0481481
0 0.70651 0.310648 0.0661458 0.132407
7 0.810417 0.246296 0.0479167 0.275926
0 0.947656 0.363426 0.103646 0.223148
0 0.221875 0.336111 0.0302083 0.0759259
6 0.70651 0.310648 0.0692708 0.130556
0 0.45 0.322222 0.0479167 0.0981481
7 0.283073 0.298611 0.0286458 0.0935185
7 0.714063 0.256481 0.0645833 0.212963
7 0.801042 0.161574 0.0364583 0.132407
6 0.221615 0.338426 0.0307292 0.0694444
3 0.303646 0.313426 0.00729167 0.0564815
3 0.366146 0.306944 0.00625 0.0601852
1 0.775781 0.373148 0.0255208 0.0444444
7 0.651823 0.25463 0.0515625 0.214815
7 0.915625 0.246296 0.0729167 0.483333
7 0.592188 0.28287 0.0270833 0.10463
7 0.0200521 0.331944 0.0380208 0.202778
1 0.833333 0.396759 0.0333333 0.0583333
2 0.333333 0.311574 0.0645833 0.0583333
