0 0.560417 0.302778 0.021875 0.0444444
6 0.390625 0.323611 0.0375 0.0768519
7 0.630729 0.248148 0.0333333 0.175926
7 0.115885 0.322685 0.0171875 0.0935185
7 0.190365 0.315278 0.0161458 0.075
0 0.946094 0.350463 0.0453125 0.112037
7 0.492188 0.277315 0.021875 0.0990741
7 0.131771 0.318981 0.0177083 0.0935185
7 0.173698 0.319907 0.0161458 0.0768519
3 0.863802 0.309259 0.0078125 0.0666667
3 0.796354 0.304167 0.00729167 0.0583333
0 0.725 0.311111 0.021875 0.0462963
1 0.640885 0.32963 0.0140625 0.0240741
7 0.15026 0.315741 0.0182292 0.0944444
0 0.389844 0.322222 0.0390625 0.0814815
7 0.948177 0.246759 0.0536458 0.321296
2 0.830729 0.307407 0.0760417 0.062963
