0 0.878646 0.3375 0.03125 0.0638889
6 0.914062 0.343981 0.0302083 0.0675926
7 0.930208 0.318056 0.0197917 0.0805556
7 0.816146 0.3 0.0239583 0.114815
7 0.949219 0.318981 0.0234375 0.075
7 0.827604 0.302778 0.040625 0.118519
0 0.913802 0.343519 0.0286458 0.0666667
6 0.878125 0.339352 0.0322917 0.0564815
0 0.982813 0.367593 0.034375 0.201852
3 0.0783854 0.346296 0.0078125 0.0796296
7 0.346094 0.234722 0.0713542 0.293519
3 0.153646 0.330556 0.00729167 0.0796296
0 0.94401 0.361574 0.0380208 0.0842593
7 0.447917 0.225463 0.0572917 0.29537
0 0.185677 0.347222 0.0432292 0.116667
1 0.359375 0.358796 0.0239583 0.0398148
7 0.596615 0.248611 0.0473958 0.212037
2 0.115885 0.341667 0.0807292 0.0888889
