7 0.725 0.2125 0.0416667 0.371296
0 0.0479167 0.376389 0.01875 0.0342593
7 0.116667 0.329167 0.021875 0.0972222
1 0.153385 0.37037 0.0109375 0.0166667
0 0.351042 0.325926 0.04375 0.114815
3 0.0820312 0.356481 0.00885417 0.0537037
7 0.29349 0.285185 0.0442708 0.161111
7 0.644271 0.259259 0.04375 0.161111
6 0.242969 0.35787 0.0463542 0.0898148
3 0.957292 0.328241 0.009375 0.0731481
2 0.0565104 0.362963 0.0567708 0.0611111
0 0.533594 0.324537 0.0494792 0.110185
2 0.976302 0.3375 0.0453125 0.0935185
7 0.476562 0.244444 0.0604167 0.248148
7 0.764844 0.225926 0.114063 0.448148
