4 0.838802 0.273148 0.0109375 0.0259259
6 0.99349 0.514352 0.0130208 0.213889
3 0.505469 0.258796 0.0296875 0.284259
2 0.64349 0.252315 0.285937 0.473148
7 0.0195312 0.271296 0.0390625 0.503704
2 0.710938 0.289352 0.198958 0.247222
11 0.410677 0.308333 0.109896 0.296296
6 0.410677 0.309722 0.110937 0.299074
3 0.801823 0.294444 0.0234375 0.237037
7 0.848958 0.238426 0.0833333 0.378704
7 0.658333 0.281019 0.229167 0.537963
7 0.0651042 0.256481 0.103125 0.512963
1 0.753385 0.808796 0.181771 0.339815
