7 0.657031 0.267593 0.0286458 0.105556
0 0.424479 0.307407 0.021875 0.0481481
0 0.81224 0.325 0.0255208 0.0592593
7 0.438281 0.285648 0.0234375 0.0898148
0 0.679427 0.3125 0.0463542 0.0768519
0 0.151042 0.364815 0.040625 0.0907407
6 0.678125 0.313889 0.04375 0.0722222
6 0.749219 0.313889 0.0359375 0.0796296
7 0.779688 0.278704 0.0260417 0.116667
3 0.113281 0.345833 0.0078125 0.0675926
7 0.830208 0.281481 0.0333333 0.131481
11 0.0533854 0.379167 0.0203125 0.0490741
7 0.0776042 0.32963 0.0302083 0.127778
0 0.401042 0.315741 0.028125 0.0592593
0 0.74974 0.312963 0.0348958 0.0777778
7 0.460156 0.282407 0.0286458 0.107407
7 0.0104167 0.352315 0.0208333 0.125
2 0.0807292 0.346296 0.06875 0.0944444
1 0.880469 0.356019 0.0140625 0.025
1 0.826563 0.349537 0.0135417 0.0231481
7 0.265365 0.278704 0.0317708 0.17037
7 0.588542 0.268056 0.03125 0.126852
7 0.315625 0.258333 0.0416667 0.211111
