7 0.686719 0.272222 0.0182292 0.0425926
7 0.964583 0.31713 0.0208333 0.0861111
4 0.68776 0.272222 0.0161458 0.0277778
7 0.86849 0.329167 0.0432292 0.102778
3 0.276823 0.313889 0.0078125 0.0703704
7 0.93125 0.316667 0.0239583 0.0907407
7 0.908854 0.341667 0.0354167 0.0944444
0 0.23151 0.337963 0.0286458 0.0648148
7 0.720312 0.286574 0.0416667 0.130556
1 0.307292 0.349537 0.0145833 0.0231481
6 0.825781 0.325463 0.0411458 0.0898148
7 0.320833 0.273148 0.0322917 0.164815
7 0.29401 0.269444 0.0317708 0.162963
2 0.246354 0.322222 0.0666667 0.0611111
6 0.690625 0.331944 0.0541667 0.100926
1 0.927865 0.379167 0.0182292 0.0342593
0 0.439583 0.325 0.075 0.177778
