7 0.933333 0.318519 0.0302083 0.125926
7 0.70599 0.289352 0.0203125 0.119444
0 0.353646 0.322222 0.021875 0.0555556
7 0.352344 0.322222 0.0203125 0.0574074
6 0.85625 0.334722 0.0489583 0.126852
7 0.0200521 0.353704 0.0369792 0.172222
0 0.854948 0.345833 0.0463542 0.100926
7 0.383073 0.287963 0.0296875 0.124074
7 0.0447917 0.345833 0.0239583 0.108333
0 0.903646 0.353704 0.046875 0.111111
6 0.0242187 0.400463 0.0276042 0.0694444
3 0.104948 0.349074 0.0078125 0.0648148
7 0.602344 0.238426 0.0557292 0.225
7 0.3125 0.300463 0.01875 0.108333
1 0.728385 0.360648 0.0203125 0.0324074
6 0.627083 0.316667 0.05 0.107407
6 0.560677 0.310648 0.0557292 0.106481
0 0.266667 0.335185 0.04375 0.103704
1 0.807552 0.371759 0.0223958 0.037963
2 0.075 0.358333 0.0666667 0.0777778
7 0.496354 0.253241 0.040625 0.210185
