5 0.778906 0.236111 0.0119792 0.0240741
7 0.0273438 0.424537 0.0515625 0.334259
0 0.645573 0.331944 0.0598958 0.141667
0 0.796354 0.309722 0.0760417 0.113889
6 0.792969 0.311574 0.0838542 0.112037
0 0.990625 0.355556 0.0177083 0.0555556
7 0.989844 0.266204 0.0182292 0.165741
7 0.177865 0.293519 0.0286458 0.140741
7 0.0432292 0.33287 0.021875 0.121296
7 0.065625 0.335648 0.0208333 0.10463
7 0.913021 0.283333 0.0333333 0.185185
7 0.878385 0.26713 0.0369792 0.197222
7 0.950781 0.291204 0.0359375 0.19537
7 0.670833 0.222685 0.111458 0.406481
7 0.290885 0.227778 0.111979 0.444444
