3 0.258073 0.309259 0.0109375 0.0944444
7 0.575 0.277315 0.0333333 0.108333
0 0.549219 0.308333 0.0286458 0.0537037
4 0.432031 0.274074 0.00989583 0.0185185
6 0.743229 0.325 0.0489583 0.101852
7 0.36224 0.306944 0.0151042 0.0453704
7 0.251823 0.307407 0.0151042 0.0851852
6 0.547135 0.309259 0.0317708 0.0555556
0 0.44974 0.314352 0.0223958 0.062037
3 0.260938 0.321759 0.00729167 0.062037
7 0.923437 0.31713 0.034375 0.126852
7 0.778906 0.29213 0.0223958 0.110185
0 0.194271 0.344444 0.0302083 0.0740741
0 0.965104 0.379167 0.0541667 0.115741
7 0.241146 0.303704 0.0239583 0.0981481
6 0.19375 0.348148 0.0291667 0.0648148
3 0.323438 0.3125 0.00729167 0.0583333
7 0.726042 0.25787 0.0458333 0.232407
6 0.421094 0.325926 0.0494792 0.0851852
7 0.658854 0.246759 0.0395833 0.217593
1 0.897396 0.398611 0.0302083 0.0527778
1 0.826823 0.376852 0.0234375 0.0407407
7 0.51276 0.285648 0.0171875 0.100926
2 0.291667 0.319444 0.0666667 0.0611111
