7 0.193229 0.330556 0.015625 0.05
0 0.980208 0.35787 0.0364583 0.128704
0 0.936979 0.369907 0.0364583 0.0787037
0 0.423438 0.321759 0.0354167 0.0768519
0 0.0763021 0.379167 0.0328125 0.0842593
6 0.814062 0.328704 0.0395833 0.101852
0 0.711458 0.3125 0.05 0.121296
3 0.164583 0.337963 0.00729167 0.0592593
6 0.423438 0.321759 0.0354167 0.075
7 0.46276 0.281019 0.0421875 0.125
6 0.711719 0.314352 0.0494792 0.115741
7 0.0976562 0.336111 0.0328125 0.114815
6 0.0768229 0.380556 0.0338542 0.0796296
1 0.814583 0.36713 0.0208333 0.0342593
2 0.135417 0.34537 0.0666667 0.0740741
7 0.661979 0.24537 0.0416667 0.225926
0 0.334375 0.325 0.028125 0.0740741
7 0.61875 0.248611 0.0489583 0.225
1 0.89375 0.384259 0.0208333 0.0388889
7 0.744531 0.250926 0.0526042 0.227778
