1 0.671094 0.33287 0.0130208 0.0212963
0 0.914062 0.351389 0.0291667 0.0638889
0 0.783854 0.328241 0.03125 0.0583333
7 0.0145833 0.359259 0.021875 0.107407
7 0.61224 0.252315 0.0244792 0.0861111
0 0.0731771 0.377315 0.0338542 0.0768519
7 0.533073 0.275 0.0348958 0.112963
0 0.946094 0.35 0.0317708 0.0740741
7 0.559115 0.255093 0.0265625 0.15463
3 0.0492188 0.361574 0.00885417 0.0694444
0 0.314844 0.31713 0.0203125 0.0509259
7 0.239844 0.307407 0.0171875 0.0685185
7 0.119531 0.32037 0.0213542 0.109259
7 0.382031 0.28287 0.0255208 0.117593
7 0.657552 0.291204 0.0380208 0.0953704
7 0.702604 0.250463 0.0197917 0.0564815
6 0.0723958 0.377315 0.0354167 0.0768519
0 0.595312 0.309259 0.03125 0.0759259
7 0.345313 0.292593 0.0229167 0.1
1 0.724479 0.337963 0.0145833 0.0259259
2 0.0263021 0.368519 0.0526042 0.087037
0 0.290365 0.324537 0.0244792 0.062037
7 0.210677 0.282407 0.0338542 0.174074
7 0.180208 0.299074 0.0322917 0.151852
