7 0.569792 0.171759 0.0458333 0.0787037
0 0.1375 0.359722 0.0291667 0.0583333
6 0.59375 0.319444 0.0458333 0.0888889
4 0.338281 0.276852 0.0130208 0.0240741
0 0.64349 0.313426 0.0567708 0.121296
6 0.138802 0.361574 0.0307292 0.0546296
7 0.451823 0.278704 0.0203125 0.112963
3 0.276302 0.316667 0.00572917 0.0555556
3 0.215625 0.325 0.00625 0.0611111
0 0.485677 0.30787 0.0255208 0.0546296
6 0.642708 0.318056 0.0541667 0.110185
7 0.508333 0.281481 0.0291667 0.111111
7 0.614062 0.228704 0.0416667 0.253704
6 0.338542 0.329167 0.04375 0.0898148
1 0.715625 0.368519 0.0260417 0.0481481
7 0.03125 0.363889 0.046875 0.135185
0 0.378906 0.31713 0.0276042 0.0675926
1 0.0466146 0.413426 0.0182292 0.0324074
0 0.932031 0.354167 0.0713542 0.202778
1 0.780729 0.3875 0.028125 0.062037
7 0.673958 0.228241 0.0552083 0.269444
2 0.245312 0.324074 0.065625 0.0611111
7 0.808594 0.281019 0.105729 0.547222
