7 0.493229 0.289815 0.0166667 0.0777778
6 0.446354 0.311574 0.0229167 0.0527778
7 0.654167 0.278704 0.03125 0.127778
7 0.909375 0.310185 0.0239583 0.101852
3 0.189583 0.330556 0.00729167 0.0592593
7 0.853646 0.299074 0.0197917 0.0888889
0 0.159896 0.35787 0.0364583 0.0842593
0 0.974479 0.360648 0.040625 0.0842593
0 0.761979 0.318056 0.0385417 0.0916667
7 0.342448 0.277778 0.0307292 0.142593
6 0.120573 0.360648 0.0213542 0.0416667
7 0.171354 0.319907 0.0229167 0.0972222
2 0.170312 0.331944 0.040625 0.0675926
7 0.88125 0.299074 0.021875 0.131481
6 0.159635 0.360648 0.0369792 0.075
7 0.0755208 0.336574 0.0197917 0.106481
6 0.977083 0.361111 0.04375 0.0833333
6 0.76224 0.318981 0.0390625 0.087963
7 0.966927 0.290741 0.0369792 0.159259
7 0.363021 0.283333 0.0322917 0.127778
7 0.733073 0.256019 0.0411458 0.163889
7 0.141667 0.327315 0.0239583 0.121296
0 0.544792 0.310185 0.0333333 0.0814815
1 0.908073 0.371296 0.0161458 0.0277778
1 0.846094 0.360648 0.0161458 0.0268519
7 0.309896 0.288426 0.0302083 0.137963
7 0.579948 0.241667 0.0505208 0.231481
