0 0.839844 0.323148 0.0223958 0.0592593
7 0.241146 0.289815 0.0197917 0.131481
1 0.101823 0.381944 0.0140625 0.0212963
12 0.0367187 0.464352 0.0713542 0.0583333
7 0.723177 0.267593 0.0307292 0.124074
7 0.20651 0.30787 0.0213542 0.0916667
3 0.0710938 0.356019 0.00885417 0.0601852
7 0.871094 0.275 0.0369792 0.192593
7 0.0932292 0.306019 0.034375 0.162037
7 0.909635 0.276852 0.0338542 0.196296
2 0.0471354 0.366667 0.0536458 0.0666667
7 0.339844 0.253704 0.129688 0.364815
7 0.51849 0.20787 0.0598958 0.393519
7 0.45625 0.2125 0.09375 0.417593
7 0.943229 0.2875 0.0364583 0.20463
0 0.614844 0.312963 0.0609375 0.146296
