0 0.809896 0.333333 0.0302083 0.0666667
3 0.133073 0.338889 0.00885417 0.0666667
0 0.659115 0.305556 0.0463542 0.0833333
4 0.166146 0.324537 0.00729167 0.0212963
6 0.889063 0.351389 0.025 0.0731481
7 0.638802 0.263426 0.0317708 0.147222
7 0.742188 0.2625 0.0239583 0.150926
6 0.810677 0.335648 0.0296875 0.062037
6 0.966146 0.372222 0.0354167 0.0796296
7 0.886198 0.300463 0.0265625 0.0953704
7 0.62474 0.261574 0.0317708 0.147222
7 0.121354 0.342593 0.0208333 0.0666667
0 0.43776 0.309259 0.0192708 0.0462963
3 0.194531 0.32963 0.00677083 0.0574074
7 0.470833 0.281019 0.03125 0.0953704
0 0.311719 0.322222 0.0213542 0.0518519
6 0.659375 0.307407 0.0458333 0.0814815
7 0.133854 0.336574 0.0135417 0.0731481
1 0.101823 0.382407 0.0109375 0.0203704
0 0.845052 0.335185 0.0328125 0.0759259
0 0.0294271 0.380093 0.0223958 0.0731481
6 0.170573 0.35463 0.0296875 0.0555556
2 0.166667 0.3375 0.0614583 0.0583333
7 0.691927 0.258333 0.0380208 0.175926
1 0.720573 0.340741 0.0151042 0.0259259
7 0.217187 0.301389 0.028125 0.134259
1 0.771354 0.349074 0.0145833 0.0259259
