4 0.991667 0.346759 0.0135417 0.037963
0 0.370833 0.324074 0.0364583 0.0777778
0 0.95625 0.371296 0.0864583 0.272222
7 0.0976562 0.351852 0.0203125 0.0685185
7 0.796875 0.177315 0.0270833 0.0731481
7 0.404687 0.318981 0.0427083 0.0990741
7 0.0138021 0.425926 0.0265625 0.198148
7 0.164062 0.329167 0.01875 0.0787037
6 0.957552 0.362037 0.0848958 0.27963
7 0.285937 0.290741 0.0229167 0.125926
7 0.460938 0.280556 0.0385417 0.177778
7 0.122135 0.331481 0.0171875 0.0888889
0 0.405469 0.319444 0.0411458 0.0981481
4 0.946354 0.228704 0.021875 0.0537037
3 0.0640625 0.360185 0.009375 0.0888889
7 0.346875 0.283796 0.0229167 0.113889
2 0.0333333 0.373148 0.065625 0.107407
0 0.31224 0.335648 0.0473958 0.121296
