7 0.717188 0.268981 0.03125 0.141667
1 0.797135 0.329167 0.0140625 0.0212963
7 0.177604 0.323611 0.0270833 0.0787037
2 0.0546875 0.363426 0.0479167 0.0546296
0 0.835156 0.323148 0.0203125 0.0407407
1 0.15 0.368981 0.0114583 0.0175926
7 0.109375 0.319907 0.0197917 0.125
6 0.76875 0.31713 0.0260417 0.0601852
0 0.769271 0.315741 0.0260417 0.0666667
6 0.738542 0.311574 0.0375 0.0712963
7 0.754167 0.264352 0.04375 0.156481
7 0.359896 0.289352 0.034375 0.125
12 0.116667 0.436574 0.226042 0.0861111
7 0.86224 0.281481 0.0255208 0.140741
7 0.586719 0.154167 0.0515625 0.136111
0 0.257812 0.347222 0.0635417 0.151852
7 0.139062 0.311574 0.025 0.130556
7 0.0885417 0.322222 0.025 0.127778
7 0.81901 0.278241 0.0255208 0.137963
0 0.664844 0.33287 0.0765625 0.178704
0 0.401302 0.319444 0.0567708 0.153704
7 0.967188 0.293981 0.034375 0.180556
6 0.558594 0.31713 0.0890625 0.178704
