0 0.595312 0.311111 0.01875 0.0388889
7 0.0765625 0.334722 0.0208333 0.0990741
7 0.0526042 0.343056 0.01875 0.0953704
7 0.451042 0.27037 0.0291667 0.131481
4 0.821354 0.273148 0.0145833 0.0296296
1 0.609635 0.324074 0.00989583 0.0148148
7 0.0421875 0.347222 0.0208333 0.0944444
1 0.583073 0.324537 0.00885417 0.0157407
7 0.136458 0.290278 0.01875 0.037963
0 0.614062 0.311574 0.0177083 0.0361111
0 0.547656 0.308796 0.0244792 0.0546296
3 0.841406 0.309259 0.00989583 0.0777778
0 0.192448 0.346759 0.0338542 0.0787037
7 0.0927083 0.332407 0.021875 0.1
6 0.123958 0.373148 0.0302083 0.0648148
1 0.995052 0.430556 0.00989583 0.0740741
3 0.921875 0.320833 0.00833333 0.0805556
0 0.816667 0.331944 0.0625 0.147222
7 0.178906 0.3125 0.0411458 0.106481
7 0.251042 0.290741 0.03125 0.138889
0 0.282813 0.341667 0.0541667 0.122222
2 0.882031 0.318056 0.0890625 0.0861111
