0 0.0622396 0.368056 0.0161458 0.0398148
1 0.672917 0.323611 0.0104167 0.0175926
7 0.0434896 0.346759 0.0223958 0.0972222
7 0.569531 0.293056 0.0286458 0.0842593
7 0.613021 0.282407 0.0177083 0.0907407
0 0.0473958 0.380556 0.0239583 0.0518519
7 0.866667 0.29537 0.0208333 0.114815
7 0.653385 0.282407 0.0213542 0.0888889
1 0.622396 0.328241 0.0125 0.0212963
3 0.39349 0.293981 0.0109375 0.0972222
3 0.291406 0.303241 0.00989583 0.0861111
0 0.128385 0.362037 0.0286458 0.0611111
1 0.720833 0.338426 0.015625 0.0287037
2 0.342708 0.3 0.110417 0.0981481
