0 0.0135417 0.389815 0.0208333 0.0574074
4 0.295573 0.305556 0.00989583 0.0203704
7 0.247396 0.304167 0.0197917 0.0935185
0 0.298438 0.333796 0.0354167 0.0694444
6 0.9875 0.35787 0.0239583 0.0935185
7 0.451042 0.27037 0.0270833 0.135185
1 0.964323 0.381019 0.0140625 0.0268519
1 0.913281 0.367593 0.0140625 0.0222222
7 0.277604 0.296759 0.0229167 0.100926
6 0.297917 0.33287 0.034375 0.0694444
7 0.215625 0.309722 0.0208333 0.0935185
7 0.875 0.293519 0.034375 0.137037
7 0.53776 0.275 0.0265625 0.118519
6 0.842188 0.327315 0.0364583 0.0805556
7 0.49401 0.266667 0.0255208 0.12963
7 0.75026 0.239815 0.0640625 0.292593
7 0.421615 0.219444 0.0692708 0.338889
7 0.961198 0.273611 0.0390625 0.273148
