7 0.73151 0.293981 0.0203125 0.062037
7 0.864323 0.315741 0.0171875 0.0759259
6 0.769531 0.316667 0.0307292 0.062963
7 0.845052 0.314352 0.0203125 0.0842593
7 0.695573 0.289815 0.0276042 0.0981481
6 0.728125 0.320833 0.034375 0.0731481
1 0.349479 0.341667 0.0125 0.0222222
1 0.853646 0.351852 0.0114583 0.0185185
7 0.820573 0.314352 0.0234375 0.0805556
7 0.267969 0.285185 0.0317708 0.127778
3 0.2 0.326389 0.00625 0.062037
0 0.769531 0.314815 0.0296875 0.0666667
3 0.13724 0.335648 0.0078125 0.0675926
0 0.261458 0.331019 0.028125 0.0694444
7 0.402083 0.261574 0.0354167 0.186111
0 0.658594 0.319444 0.0463542 0.107407
7 0.505469 0.236574 0.0463542 0.260185
2 0.168229 0.332407 0.0666667 0.0685185
