4 0.528125 0.205556 0.0145833 0.0425926
0 0.345313 0.319444 0.0302083 0.0777778
6 0.346354 0.321296 0.0322917 0.0759259
7 0.0177083 0.293981 0.0333333 0.532407
3 0.0471354 0.360648 0.00989583 0.0898148
3 0.108854 0.347685 0.009375 0.075
4 0.518229 0.306944 0.0208333 0.0416667
7 0.585677 0.134722 0.116146 0.189815
0 0.826302 0.324074 0.117188 0.366667
7 0.36276 0.26713 0.0453125 0.197222
6 0.604427 0.318056 0.197396 0.273148
0 0.266146 0.333333 0.0354167 0.0981481
7 0.723177 0.206944 0.0890625 0.40463
7 0.166927 0.253704 0.0713542 0.485185
2 0.0778646 0.356481 0.0703125 0.0888889
