7 0.348437 0.308796 0.01875 0.0490741
7 0.928646 0.311574 0.0260417 0.121296
7 0.135677 0.334722 0.0161458 0.0675926
4 0.204427 0.32037 0.00989583 0.0240741
7 0.247656 0.306481 0.0213542 0.1
0 0.206771 0.350463 0.03125 0.0638889
6 0.241406 0.343519 0.0161458 0.0296296
4 0.432813 0.276389 0.0104167 0.0194444
0 0.975781 0.377778 0.0453125 0.112963
0 0.430208 0.319444 0.04375 0.0925926
7 0.785937 0.288889 0.0229167 0.101852
0 0.560677 0.309722 0.0286458 0.0564815
6 0.975781 0.377315 0.0463542 0.113889
7 0.255208 0.305093 0.0197917 0.0935185
6 0.758594 0.32037 0.0526042 0.116667
3 0.267188 0.322222 0.00729167 0.062963
3 0.33151 0.3125 0.00572917 0.0546296
7 0.742448 0.240741 0.0484375 0.242593
7 0.522917 0.281944 0.01875 0.106481
7 0.588281 0.281481 0.0328125 0.116667
6 0.429948 0.320833 0.0432292 0.0916667
0 0.460156 0.314815 0.0255208 0.0722222
0 0.758073 0.318519 0.0515625 0.122222
6 0.20625 0.353241 0.0302083 0.0564815
7 0.679688 0.245833 0.04375 0.221296
1 0.914323 0.398611 0.0265625 0.0490741
1 0.84375 0.378704 0.0229167 0.0425926
2 0.29974 0.319444 0.0682292 0.0592593
