7 0.126563 0.313889 0.0260417 0.135185
12 0.0604167 0.481944 0.119792 0.0972222
7 0.891667 0.281019 0.0270833 0.150926
2 0.0518229 0.364815 0.0473958 0.0555556
7 0.110677 0.327315 0.0255208 0.117593
7 0.921875 0.276852 0.0302083 0.174074
1 0.129688 0.378704 0.0135417 0.0222222
7 0.0807292 0.323611 0.0239583 0.136111
0 0.363542 0.338889 0.065625 0.203704
4 0.479167 0.310648 0.025 0.0509259
0 0.164583 0.377315 0.0885417 0.226852
6 0.439844 0.362037 0.127604 0.309259
0 0.811719 0.355093 0.135937 0.360185
7 0.636719 0.208333 0.0869792 0.396296
