2 0.74349 0.293056 0.117188 0.087963
0 0.95599 0.344444 0.0255208 0.0592593
0 0.991927 0.350926 0.0161458 0.062963
0 0.726042 0.309259 0.028125 0.0592593
0 0.778646 0.336574 0.0583333 0.112037
4 0.776563 0.269444 0.0177083 0.0259259
7 0.276302 0.281019 0.0369792 0.169444
7 0.257552 0.28287 0.0661458 0.176852
7 0.861458 0.295833 0.0333333 0.15463
6 0.779167 0.339352 0.0583333 0.113889
6 0.230208 0.346296 0.0364583 0.0685185
3 0.153125 0.328704 0.0114583 0.105556
2 0.207292 0.325 0.123958 0.107407
7 0.642708 0.242593 0.0416667 0.214815
7 0.105729 0.304167 0.0447917 0.20463
7 0.686979 0.239352 0.0552083 0.232407
