7 0.358333 0.293519 0.0114583 0.0555556
6 0.744271 0.32037 0.0291667 0.0537037
3 0.00546875 0.367593 0.00989583 0.109259
6 0.688542 0.314352 0.025 0.0398148
7 0.439583 0.273148 0.0177083 0.112963
3 0.950781 0.325 0.0109375 0.087037
1 0.964063 0.362037 0.0104167 0.0166667
0 0.744531 0.319907 0.0296875 0.0546296
0 0.23151 0.333796 0.0255208 0.0657407
1 0.421875 0.3375 0.0145833 0.0268519
0 0.146354 0.366667 0.065625 0.177778
7 0.0648438 0.259259 0.0776042 0.414815
2 0.972396 0.334722 0.0552083 0.108333
