7 0.241667 0.325463 0.0322917 0.117593
0 0.670052 0.310185 0.0234375 0.0555556
7 0.152083 0.318056 0.0166667 0.0824074
7 0.164583 0.315278 0.0197917 0.0898148
3 0.941927 0.326852 0.00885417 0.0703704
7 0.1875 0.310185 0.0197917 0.0962963
6 0.784896 0.324074 0.0270833 0.0481481
7 0.103906 0.319444 0.0203125 0.111111
0 0.895052 0.3375 0.0244792 0.0601852
7 0.127344 0.3125 0.0265625 0.115741
7 0.616406 0.2625 0.0276042 0.147222
1 0.851823 0.375926 0.0213542 0.0388889
0 0.364323 0.340741 0.0953125 0.22963
2 0.969271 0.336574 0.0614583 0.0916667
