4 0.122135 0.325926 0.0109375 0.0259259
6 0.977604 0.340278 0.0416667 0.100926
0 0.978906 0.335185 0.0421875 0.116667
6 0.81875 0.313426 0.0447917 0.106481
7 0.78724 0.255556 0.0411458 0.192593
0 0.130208 0.363889 0.0479167 0.114815
6 0.127604 0.363426 0.046875 0.119444
0 0.46224 0.306019 0.0223958 0.0546296
3 0.0664062 0.353704 0.0078125 0.0759259
1 0.965885 0.375 0.0171875 0.0351852
7 0.500521 0.280093 0.0333333 0.110185
7 0.0471354 0.349074 0.0348958 0.103704
0 0.819531 0.314352 0.0442708 0.106481
7 0.332812 0.281019 0.01875 0.10463
1 0.90625 0.364352 0.0145833 0.025
2 0.0994792 0.353704 0.0697917 0.0833333
7 0.754687 0.265741 0.040625 0.17963
1 0.0221354 0.421759 0.0161458 0.0324074
0 0.314583 0.323611 0.0302083 0.0712963
7 0.428385 0.269444 0.0432292 0.157407
7 0.8625 0.269444 0.0375 0.198148
