7 0.798437 0.295833 0.0197917 0.0768519
7 0.533594 0.239815 0.0338542 0.177778
7 0.508073 0.275 0.0203125 0.0888889
4 0.540625 0.279167 0.0114583 0.0175926
6 0.370573 0.316667 0.0286458 0.0592593
7 0.961719 0.32037 0.0182292 0.0777778
0 0.34375 0.316667 0.0322917 0.0962963
7 0.2625 0.290741 0.0364583 0.125926
6 0.303646 0.324074 0.0510417 0.103704
6 0.34375 0.317593 0.0333333 0.0944444
3 0.703646 0.291667 0.009375 0.0796296
0 0.369792 0.314815 0.0302083 0.0648148
7 0.93099 0.314815 0.0140625 0.0740741
7 0.583594 0.278241 0.0213542 0.0842593
0 0.686719 0.306944 0.0328125 0.0787037
3 0.620573 0.287037 0.00989583 0.0814815
6 0.539323 0.311574 0.0359375 0.0731481
1 0.98151 0.399537 0.0223958 0.0453704
1 0.395573 0.334259 0.0140625 0.0222222
2 0.66276 0.291667 0.0921875 0.0796296
7 0.853385 0.217593 0.0807292 0.411111
7 0.0403646 0.351852 0.0796875 0.703704
