6 0.421094 0.316204 0.0286458 0.0527778
0 0.472135 0.304167 0.0255208 0.0583333
7 0.471354 0.303704 0.025 0.062963
7 0.938802 0.334722 0.120312 0.34537
0 0.683854 0.297685 0.0239583 0.0583333
7 0.265885 0.291204 0.0161458 0.0898148
7 0.332552 0.297685 0.0130208 0.0601852
1 0.951563 0.461111 0.0364583 0.0648148
1 0.819271 0.346296 0.0114583 0.0277778
7 0.228646 0.299537 0.0166667 0.087963
0 0.748958 0.314352 0.0395833 0.0916667
6 0.61849 0.313889 0.0265625 0.0537037
7 0.605208 0.268519 0.0177083 0.0925926
7 0.246354 0.297222 0.0166667 0.0851852
7 0.503646 0.276852 0.028125 0.105556
7 0.638542 0.275 0.0208333 0.0962963
0 0.618229 0.312037 0.028125 0.0555556
7 0.283854 0.292593 0.0197917 0.0888889
6 0.935677 0.331019 0.123438 0.321296
7 0.830729 0.248148 0.1625 0.487037
