7 0.314844 0.303241 0.0182292 0.0712963
12 0.116927 0.431019 0.233854 0.0916667
7 0.992448 0.266204 0.0151042 0.228704
0 0.817708 0.318056 0.028125 0.0583333
1 0.269531 0.345833 0.0119792 0.0157407
7 0.275521 0.305093 0.0239583 0.0805556
7 0.501562 0.265741 0.0395833 0.155556
0 0.484896 0.320833 0.053125 0.10463
7 0.361719 0.286574 0.0234375 0.0990741
0 0.74974 0.322685 0.0432292 0.0990741
7 0.723698 0.261574 0.0328125 0.169444
7 0.251563 0.29213 0.021875 0.10463
7 0.224219 0.301389 0.0192708 0.0898148
0 0.578646 0.306944 0.04375 0.108333
7 0.960156 0.235648 0.0578125 0.367593
7 0.605469 0.250463 0.0401042 0.197222
7 0.195052 0.306019 0.0223958 0.100926
7 0.911458 0.241204 0.0479167 0.310185
