12 0.0322917 0.41713 0.0645833 0.0324074
0 0.635417 0.314352 0.0229167 0.0453704
1 0.104167 0.378241 0.0125 0.0231481
0 0.53151 0.314815 0.0317708 0.0648148
7 0.248177 0.300926 0.0296875 0.148148
0 0.663542 0.313889 0.0197917 0.0462963
1 0.69375 0.289352 0.0114583 0.0231481
1 0.616146 0.328704 0.0114583 0.0166667
7 0.523958 0.257407 0.0333333 0.137037
7 0.483854 0.254167 0.03125 0.156481
3 0.926042 0.319444 0.0104167 0.0944444
7 0.80651 0.292593 0.0182292 0.0833333
0 0.567187 0.306481 0.034375 0.0722222
0 0.0713542 0.385648 0.028125 0.0657407
0 0.852344 0.350463 0.143229 0.369444
7 0.216406 0.229167 0.0640625 0.402778
7 0.132292 0.238426 0.0760417 0.456481
2 0.959896 0.332407 0.0791667 0.111111
