3 0.331771 0.301852 0.0104167 0.105556
7 0.553125 0.276852 0.0239583 0.0944444
7 0.480469 0.27963 0.0286458 0.087037
0 0.255729 0.333333 0.0333333 0.0814815
7 0.778646 0.280093 0.0197917 0.108333
0 0.90651 0.331481 0.0411458 0.109259
7 0.283854 0.283333 0.0375 0.166667
7 0.317969 0.27963 0.0369792 0.166667
7 0.144531 0.304167 0.0317708 0.15463
0 0.95651 0.354167 0.0640625 0.171296
7 0.197396 0.296759 0.0302083 0.152778
7 0.965885 0.261111 0.0671875 0.331481
3 0.43724 0.294444 0.00989583 0.0962963
2 0.383073 0.298611 0.118229 0.0972222
