7 0.0726563 0.346759 0.0182292 0.0768519
7 0.0109375 0.360185 0.0208333 0.107407
7 0.38099 0.27963 0.0171875 0.0925926
0 0.833333 0.347222 0.0479167 0.101852
7 0.972396 0.260648 0.0229167 0.0657407
0 0.946875 0.355556 0.0604167 0.146296
6 0.317448 0.331019 0.0296875 0.062037
0 0.317969 0.327315 0.0317708 0.0694444
7 0.264323 0.311574 0.0744792 0.167593
0 0.498958 0.338426 0.0729167 0.150926
0 0.248958 0.340741 0.0427083 0.103704
0 0.363542 0.320833 0.0354167 0.0824074
6 0.945833 0.350463 0.0604167 0.132407
6 0.498958 0.3375 0.0708333 0.149074
7 0.904167 0.241667 0.0604167 0.340741
