7 0.673958 0.283333 0.015625 0.0981481
7 0.827865 0.299537 0.0171875 0.0712963
0 0.401823 0.319907 0.0255208 0.0675926
0 0.441667 0.306944 0.0260417 0.0694444
7 0.554427 0.278704 0.0192708 0.0925926
6 0.295573 0.333796 0.0640625 0.132407
4 0.603385 0.276852 0.0119792 0.0240741
0 0.295312 0.331944 0.0645833 0.136111
7 0.516667 0.282407 0.015625 0.0851852
0 0.886458 0.324074 0.0291667 0.0611111
6 0.353646 0.318981 0.0416667 0.117593
1 0.693229 0.327315 0.0104167 0.0175926
6 0.391406 0.31713 0.0348958 0.0787037
0 0.392448 0.313889 0.0348958 0.0851852
7 0.664844 0.280093 0.0213542 0.0990741
7 0.983073 0.326389 0.0171875 0.0824074
7 0.879427 0.3125 0.0286458 0.0824074
0 0.353125 0.317593 0.0416667 0.124074
3 0.68125 0.293056 0.0104167 0.087963
1 0.423698 0.34213 0.0161458 0.0287037
0 0.775781 0.321759 0.0390625 0.0935185
6 0.601562 0.318519 0.0479167 0.0888889
7 0.636198 0.280556 0.0192708 0.0907407
2 0.723698 0.296759 0.0932292 0.0898148
7 0.197396 0.256019 0.104167 0.497222
