0 0.492969 0.361111 0.0380208 0.0759259
0 0.977083 0.362963 0.0302083 0.0666667
0 0.876042 0.32963 0.05625 0.124074
4 0.795573 0.264352 0.0130208 0.0287037
6 0.87474 0.326389 0.0557292 0.128704
1 0.994792 0.388426 0.0104167 0.0268519
6 0.791927 0.31713 0.0848958 0.158333
0 0.13776 0.361574 0.0348958 0.0898148
0 0.790885 0.315741 0.0901042 0.162963
1 0.950521 0.380556 0.0166667 0.0277778
7 0.294531 0.269907 0.0484375 0.221296
7 0.733854 0.224074 0.065625 0.301852
0 0.190365 0.352778 0.0598958 0.15
7 0.496354 0.207407 0.0572917 0.37037
