7 0.81849 0.294444 0.0234375 0.0944444
2 0.0549479 0.342593 0.105729 0.372222
7 0.56276 0.281019 0.0234375 0.087963
7 0.938281 0.334722 0.0265625 0.10463
0 0.842708 0.322685 0.0239583 0.0453704
0 0.655208 0.310648 0.0260417 0.0527778
6 0.655208 0.314352 0.0260417 0.0490741
7 0.316927 0.201389 0.0703125 0.325
7 0.531771 0.270833 0.0260417 0.0990741
6 0.529948 0.309722 0.0244792 0.0490741
0 0.914323 0.347685 0.0317708 0.075
7 0.64375 0.277315 0.021875 0.108333
6 0.914844 0.35 0.0328125 0.0740741
7 0.497396 0.274074 0.0208333 0.0888889
4 0.291927 0.247685 0.0203125 0.0361111
7 0.372396 0.230093 0.0604167 0.358333
7 0.453646 0.277778 0.0239583 0.0962963
3 0.101042 0.333333 0.0166667 0.155556
7 0.884635 0.283333 0.0296875 0.174074
6 0.297656 0.341667 0.0848958 0.172222
7 0.24349 0.240278 0.0588542 0.375
7 0.0557292 0.284259 0.111458 0.551852
