0 0.989323 0.353241 0.0213542 0.0731481
6 0.478646 0.311574 0.0197917 0.0472222
6 0.985937 0.350463 0.028125 0.0712963
1 0.960677 0.367593 0.0119792 0.0203704
7 0.445312 0.258333 0.0354167 0.17963
7 0.810938 0.283796 0.0270833 0.139815
0 0.854427 0.323611 0.0338542 0.0787037
6 0.855208 0.323148 0.0364583 0.0722222
7 0.760938 0.280093 0.0260417 0.117593
7 0.496875 0.274074 0.0197917 0.109259
2 0.127865 0.342593 0.0828125 0.0907407
6 0.786198 0.320833 0.0359375 0.0694444
6 0.114844 0.366204 0.0255208 0.0435185
7 0.820312 0.273611 0.0364583 0.171296
1 0.915625 0.358333 0.0135417 0.0259259
7 0.183594 0.30787 0.0234375 0.115741
1 0.994271 0.415278 0.0114583 0.0564815
0 0.296354 0.331944 0.0489583 0.123148
7 0.958594 0.307407 0.0286458 0.131481
7 0.0911458 0.331481 0.0239583 0.124074
7 0.416667 0.205093 0.0635417 0.371296
7 0.163542 0.312963 0.021875 0.122222
7 0.91849 0.225926 0.122396 0.435185
