7 0.197135 0.293519 0.0203125 0.103704
4 0.224219 0.298611 0.00989583 0.0212963
7 0.727604 0.242593 0.01875 0.0425926
0 0.139844 0.359722 0.0213542 0.0435185
7 0.952865 0.309722 0.0255208 0.121296
0 0.913281 0.335648 0.0286458 0.087963
7 0.795052 0.303241 0.0421875 0.113889
7 0.122917 0.318981 0.025 0.123148
6 0.914583 0.339352 0.0291667 0.0805556
7 0.416927 0.269907 0.0276042 0.130556
6 0.140104 0.360648 0.0197917 0.0398148
2 0.175781 0.32963 0.0671875 0.0703704
0 0.532552 0.306481 0.0317708 0.0740741
1 0.985417 0.378704 0.0145833 0.0240741
6 0.229687 0.350463 0.046875 0.106481
7 0.0848958 0.332407 0.0229167 0.124074
7 0.163281 0.310648 0.0244792 0.132407
7 0.392188 0.262037 0.0354167 0.17963
7 0.441146 0.260648 0.0333333 0.163889
7 0.564583 0.272685 0.0416667 0.137963
7 0.86276 0.231481 0.110937 0.344444
