7 0.261719 0.306481 0.0213542 0.0759259
6 0.829687 0.322685 0.0291667 0.0638889
0 0.285156 0.340741 0.0536458 0.124074
7 0.809896 0.274074 0.0302083 0.140741
0 0.41276 0.316204 0.0505208 0.126852
6 0.284375 0.340741 0.053125 0.122222
7 0.175781 0.303241 0.0223958 0.112037
0 0.829167 0.32037 0.0302083 0.0685185
7 0.921615 0.281019 0.0317708 0.15463
7 0.878125 0.284259 0.0302083 0.142593
7 0.196094 0.3 0.0223958 0.114815
7 0.226302 0.293519 0.0255208 0.122222
7 0.595052 0.225 0.0619792 0.262963
6 0.698177 0.315278 0.0661458 0.132407
0 0.608333 0.325463 0.0770833 0.178704
