1 0.418229 0.333333 0.0145833 0.0240741
6 0.938021 0.339815 0.034375 0.0796296
7 0.469531 0.247222 0.0286458 0.107407
0 0.908854 0.347222 0.0302083 0.0666667
7 0.536198 0.253241 0.0484375 0.152778
7 0.345052 0.280556 0.0223958 0.103704
6 0.908594 0.34537 0.0307292 0.0685185
1 0.979167 0.371759 0.0104167 0.0175926
0 0.939062 0.338426 0.0322917 0.0805556
0 0.991927 0.356019 0.0161458 0.0527778
0 0.363281 0.325926 0.0359375 0.0851852
0 0.457292 0.311111 0.0447917 0.0962963
0 0.547135 0.311574 0.0526042 0.128704
7 0.391667 0.267593 0.0333333 0.15
