7 0.211979 0.304167 0.0239583 0.112037
7 0.917448 0.2875 0.0338542 0.167593
12 0.159896 0.441204 0.319792 0.087963
7 0.525 0.298611 0.03125 0.0805556
7 0.335677 0.287037 0.0546875 0.12963
7 0.23099 0.296296 0.0244792 0.124074
7 0.195573 0.304167 0.0244792 0.110185
1 0.305469 0.349537 0.0151042 0.0212963
0 0.989323 0.350926 0.0203125 0.0777778
7 0.298698 0.285185 0.0296875 0.131481
7 0.254427 0.291204 0.0307292 0.132407
7 0.157552 0.314815 0.0213542 0.107407
7 0.83125 0.293056 0.0572917 0.256481
7 0.78151 0.260648 0.0713542 0.306481
0 0.339063 0.35463 0.0875 0.190741
