6 0.756771 0.315741 0.0364583 0.087037
7 0.229167 0.313426 0.0197917 0.0583333
0 0.930729 0.358333 0.0333333 0.0666667
7 0.0476562 0.336111 0.0203125 0.12963
0 0.839323 0.332407 0.0369792 0.0907407
3 0.192708 0.325926 0.00625 0.0592593
1 0.81276 0.354167 0.0161458 0.0268519
7 0.0291667 0.331481 0.0333333 0.157407
0 0.0127604 0.391204 0.0223958 0.0675926
6 0.648698 0.322685 0.0463542 0.102778
0 0.272656 0.327315 0.0203125 0.0527778
3 0.130208 0.336574 0.00729167 0.0657407
0 0.75599 0.314352 0.0369792 0.0916667
1 0.860677 0.363889 0.0161458 0.0296296
1 0.0580729 0.397685 0.0151042 0.025
7 0.678906 0.252315 0.0380208 0.200926
0 0.440365 0.322685 0.0734375 0.175
2 0.161719 0.331019 0.0682292 0.0712963
