7 0.909635 0.309259 0.0244792 0.0777778
4 0.651563 0.273611 0.015625 0.0305556
7 0.0106771 0.327315 0.0213542 0.156481
0 0.839063 0.331944 0.034375 0.0935185
7 0.0481771 0.33287 0.0213542 0.134259
3 0.192708 0.325 0.00625 0.0574074
6 0.758073 0.317593 0.0348958 0.0833333
1 0.815104 0.355556 0.0145833 0.0259259
0 0.0130208 0.388889 0.021875 0.0666667
7 0.0315104 0.32963 0.0359375 0.159259
3 0.130469 0.335648 0.0078125 0.0638889
1 0.861979 0.364815 0.0166667 0.0296296
0 0.273958 0.325926 0.0208333 0.0537037
0 0.757552 0.316667 0.0348958 0.087037
7 0.672396 0.247685 0.034375 0.182407
1 0.0585938 0.396759 0.0151042 0.025
6 0.650521 0.327315 0.05 0.0972222
0 0.442448 0.322222 0.0744792 0.175926
2 0.161198 0.331481 0.0682292 0.0685185
