7 0.354948 0.291667 0.0171875 0.0722222
7 0.49401 0.251852 0.0296875 0.144444
7 0.245312 0.294907 0.01875 0.0842593
3 0.90651 0.316204 0.0078125 0.0638889
0 0.748958 0.312037 0.0208333 0.0462963
7 0.233594 0.297222 0.0192708 0.0907407
6 0.454688 0.316204 0.0364583 0.075
7 0.294271 0.29537 0.0208333 0.0759259
0 0.826302 0.319907 0.0213542 0.0490741
0 0.454427 0.312963 0.0369792 0.0888889
7 0.333854 0.27963 0.0197917 0.0981481
2 0.944271 0.323611 0.0822917 0.0787037
1 0.713542 0.33287 0.0135417 0.025
7 0.960677 0.224537 0.0786458 0.439815
