7 0.322656 0.288426 0.0317708 0.121296
0 0.977083 0.375926 0.0458333 0.125926
0 0.192969 0.346759 0.0421875 0.0898148
0 0.682552 0.313889 0.0307292 0.0888889
0 0.874479 0.34213 0.040625 0.0898148
7 0.00885417 0.359722 0.0166667 0.100926
4 0.194792 0.3 0.0104167 0.0185185
0 0.290885 0.325926 0.0213542 0.0518519
7 0.651302 0.297685 0.0307292 0.137963
6 0.46901 0.300926 0.0515625 0.112963
7 0.311458 0.299537 0.025 0.10463
3 0.0640625 0.35463 0.00833333 0.0666667
0 0.76224 0.313889 0.0484375 0.142593
7 0.248698 0.30463 0.0171875 0.112963
0 0.816927 0.340741 0.0494792 0.112963
6 0.193229 0.349537 0.040625 0.0824074
1 0.626823 0.352778 0.0223958 0.037037
7 0.503125 0.237963 0.0447917 0.225926
7 0.410937 0.251852 0.0354167 0.201852
6 0.53099 0.311111 0.0494792 0.103704
1 0.706771 0.362963 0.0239583 0.0444444
2 0.0359375 0.365741 0.0645833 0.0796296
