6 0.743229 0.327315 0.0458333 0.0916667
6 0.452344 0.297685 0.0192708 0.0472222
0 0.855729 0.325463 0.021875 0.062037
7 0.844792 0.312037 0.01875 0.0685185
6 0.811458 0.320833 0.025 0.0564815
0 0.810417 0.319907 0.0239583 0.0583333
0 0.784375 0.324074 0.0322917 0.0722222
1 0.405469 0.338426 0.0119792 0.0212963
7 0.307031 0.299537 0.0359375 0.115741
1 0.889063 0.353241 0.0125 0.0194444
6 0.784115 0.325926 0.0338542 0.0685185
3 0.21849 0.323148 0.00677083 0.0666667
0 0.308854 0.328704 0.0291667 0.0703704
3 0.152344 0.334259 0.00677083 0.0666667
0 0.74375 0.326852 0.046875 0.0962963
7 0.471615 0.255556 0.0348958 0.188889
7 0.635677 0.252778 0.0421875 0.188889
2 0.185677 0.330093 0.0713542 0.0694444
