4 0.652083 0.272222 0.015625 0.0277778
7 0.215625 0.314352 0.0145833 0.0509259
7 0.976042 0.336111 0.0385417 0.140741
0 0.0421875 0.377778 0.0166667 0.0425926
6 0.65599 0.318519 0.0598958 0.127778
7 0.943229 0.343519 0.0322917 0.101852
7 0.767448 0.292593 0.0411458 0.125926
7 0.744531 0.292593 0.0494792 0.118519
2 0.317187 0.311574 0.0739583 0.0712963
7 0.915885 0.330556 0.0317708 0.0981481
1 0.909375 0.371759 0.0145833 0.025
7 0.347396 0.271759 0.0375 0.15463
0 0.655469 0.315741 0.0609375 0.135185
0 0.286719 0.324074 0.0276042 0.0777778
1 0.929688 0.389352 0.01875 0.0342593
0 0.382552 0.331944 0.0630208 0.143519
