0 0.271094 0.324537 0.0203125 0.0416667
6 0.84375 0.318056 0.021875 0.0564815
7 0.397656 0.306481 0.0286458 0.0796296
0 0.545313 0.301389 0.0270833 0.0583333
0 0.886979 0.332407 0.0197917 0.0481481
7 0.553125 0.272685 0.021875 0.10463
6 0.955469 0.350926 0.0223958 0.05
6 0.0473958 0.382407 0.01875 0.0518519
7 0.884635 0.325926 0.0182292 0.0555556
6 0.930469 0.343519 0.0255208 0.0518519
7 0.59349 0.278241 0.0234375 0.106481
7 0.80026 0.288426 0.0244792 0.0990741
6 0.386979 0.318981 0.0333333 0.0583333
7 0.829167 0.28287 0.0177083 0.0601852
7 0.0309896 0.378704 0.0213542 0.0722222
7 0.993229 0.33287 0.0135417 0.110185
7 0.195833 0.3 0.0239583 0.122222
1 0.015625 0.41713 0.0114583 0.0212963
1 0.870833 0.349537 0.0114583 0.0175926
6 0.81875 0.321296 0.0260417 0.0574074
6 0.640104 0.314352 0.0364583 0.0694444
3 0.254948 0.312963 0.0078125 0.0648148
7 0.544792 0.277778 0.025 0.109259
1 0.91224 0.355556 0.0109375 0.0185185
7 0.288021 0.298611 0.0229167 0.0935185
3 0.317187 0.309722 0.00729167 0.0583333
7 0.76224 0.275926 0.0296875 0.125926
7 0.222135 0.295833 0.0276042 0.128704
2 0.285937 0.312037 0.0708333 0.0666667
1 0.378646 0.528241 0.09375 0.173148
1 0.127344 0.488889 0.0536458 0.111111
