6 0.834115 0.326389 0.0265625 0.0564815
1 0.866146 0.35 0.00833333 0.012963
6 0.80625 0.326389 0.0322917 0.0768519
0 0.883333 0.335648 0.0229167 0.0564815
7 0.871354 0.318056 0.0197917 0.0694444
0 0.833073 0.325926 0.0255208 0.0592593
1 0.908854 0.359259 0.0125 0.0185185
0 0.805729 0.325 0.0322917 0.0740741
7 0.330208 0.284259 0.0354167 0.0981481
3 0.176563 0.327315 0.00729167 0.0694444
3 0.242969 0.316204 0.0078125 0.0657407
1 0.428385 0.334722 0.0130208 0.0231481
0 0.332812 0.324074 0.028125 0.0685185
7 0.488802 0.256019 0.0328125 0.186111
0 0.763281 0.329167 0.0453125 0.0972222
7 0.654948 0.248148 0.0442708 0.224074
2 0.209896 0.324537 0.0729167 0.0675926
