0 0.819531 0.316204 0.0203125 0.0472222
7 0.716406 0.257407 0.0192708 0.112963
6 0.667969 0.310648 0.0348958 0.0546296
7 0.68151 0.266667 0.0244792 0.122222
3 0.948177 0.331019 0.0078125 0.0638889
7 0.150521 0.311574 0.0166667 0.102778
7 0.0817708 0.325926 0.0177083 0.1
1 0.728125 0.325926 0.0104167 0.0166667
7 0.120312 0.319907 0.0166667 0.10463
6 0.271875 0.346759 0.0395833 0.0768519
7 0.292448 0.227778 0.0265625 0.0981481
7 0.614062 0.260185 0.025 0.151852
7 0.134375 0.314815 0.0177083 0.103704
7 0.169792 0.306019 0.0197917 0.112037
0 0.698958 0.30787 0.0260417 0.0638889
0 0.363281 0.319907 0.0380208 0.0953704
7 0.102604 0.327315 0.021875 0.10463
7 0.329427 0.287963 0.0494792 0.12963
7 0.427604 0.265278 0.0489583 0.182407
7 0.207552 0.301852 0.0203125 0.118519
0 0.582031 0.322685 0.0661458 0.150926
2 0.972135 0.338426 0.0557292 0.0842593
