0 0.408073 0.307407 0.0192708 0.05
7 0.420312 0.26713 0.0104167 0.0212963
7 0.336719 0.286111 0.0223958 0.105556
6 0.466927 0.313889 0.0244792 0.0555556
7 0.372135 0.291204 0.0234375 0.0935185
7 0.485156 0.286574 0.0223958 0.0861111
7 0.115885 0.287963 0.0348958 0.287037
0 0.695312 0.324074 0.04375 0.0833333
7 0.386979 0.280556 0.0302083 0.103704
6 0.0117188 0.378704 0.0234375 0.0740741
7 0.889583 0.302778 0.0177083 0.0777778
6 0.354948 0.318519 0.0223958 0.0481481
3 0.959375 0.324537 0.009375 0.0842593
4 0.0390625 0.321296 0.0125 0.0277778
7 0.311979 0.288426 0.0291667 0.10463
7 0.0372396 0.256019 0.0390625 0.199074
6 0.0520833 0.381944 0.0572917 0.152778
0 0.466406 0.310648 0.0244792 0.0564815
7 0.0932292 0.283333 0.0677083 0.303704
2 0.978125 0.334259 0.04375 0.0981481
