7 0.00989583 0.373611 0.0197917 0.102778
6 0.0575521 0.381481 0.0223958 0.0537037
7 0.0369792 0.384722 0.0197917 0.062037
7 0.0190104 0.371296 0.0223958 0.0925926
1 0.0372396 0.403704 0.0151042 0.0296296
6 0.198958 0.35 0.0333333 0.0703704
0 0.954167 0.340278 0.0229167 0.0583333
7 0.902604 0.280556 0.0333333 0.162963
0 0.638542 0.300463 0.021875 0.0546296
0 0.199479 0.35 0.0322917 0.0666667
7 0.670573 0.275463 0.0255208 0.0898148
6 0.375781 0.322685 0.0286458 0.0657407
7 0.301042 0.30787 0.0177083 0.0694444
0 0.0570313 0.380093 0.0213542 0.0564815
1 0.0119792 0.419444 0.0135417 0.0222222
1 0.935417 0.359259 0.0135417 0.0222222
6 0.874219 0.325926 0.0317708 0.0648148
7 0.281771 0.314352 0.0197917 0.0694444
1 0.978646 0.370833 0.0125 0.0212963
1 0.286979 0.347222 0.0125 0.0203704
7 0.839323 0.268056 0.0338542 0.150926
2 0.330469 0.309722 0.0692708 0.0601852
7 0.501042 0.35 0.257292 0.674074
