7 0.688281 0.272222 0.0234375 0.135185
7 0.63151 0.269444 0.0192708 0.112963
7 0.124219 0.310648 0.0182292 0.0694444
2 0.208073 0.332407 0.0890625 0.0851852
6 0.210417 0.341204 0.0291667 0.0694444
0 0.989583 0.344444 0.0177083 0.0592593
3 0.164583 0.333796 0.0114583 0.0990741
0 0.210677 0.340278 0.0307292 0.0657407
7 0.876042 0.310185 0.0291667 0.0925926
0 0.628646 0.306019 0.0239583 0.0638889
6 0.585417 0.325 0.0552083 0.114815
7 0.952604 0.30463 0.0322917 0.131481
7 0.643229 0.256944 0.028125 0.156481
7 0.70026 0.278241 0.0276042 0.130556
0 0.872917 0.339352 0.028125 0.062037
7 0.235938 0.290278 0.0427083 0.165741
0 0.585417 0.324074 0.053125 0.112963
0 0.965104 0.340741 0.0302083 0.0703704
7 0.783594 0.280556 0.0276042 0.12963
7 0.838802 0.286111 0.0223958 0.124074
7 0.184375 0.279167 0.0416667 0.208333
7 0.0828125 0.313426 0.040625 0.199074
