6 0.544531 0.305093 0.193229 0.315741
7 0.140625 0.341204 0.0166667 0.0675926
7 0.966406 0.296296 0.0661458 0.266667
3 0.260417 0.319907 0.00729167 0.0638889
6 0.0554687 0.3875 0.0223958 0.0546296
0 0.108854 0.364815 0.0208333 0.0592593
3 0.199219 0.331019 0.0078125 0.0638889
7 0.697656 0.136574 0.0661458 0.262037
7 0.616667 0.119444 0.0697917 0.218519
0 0.546354 0.298611 0.192708 0.319444
2 0.229427 0.326852 0.0692708 0.062963
7 0.404948 0.277778 0.124479 0.340741
1 0.567187 0.483796 0.078125 0.137963
1 0.667708 0.768056 0.194792 0.347222
7 0.720573 0.262037 0.201562 0.496296
