7 0.747917 0.288889 0.0208333 0.116667
3 0.478385 0.303241 0.00989583 0.0546296
7 0.644271 0.242593 0.0208333 0.0833333
7 0.688281 0.239815 0.0255208 0.0759259
1 0.390625 0.327778 0.009375 0.0166667
0 0.458073 0.310185 0.0203125 0.0462963
0 0.484635 0.30787 0.0192708 0.0435185
7 0.535677 0.266667 0.0307292 0.140741
7 0.0213542 0.32963 0.0354167 0.172222
7 0.560677 0.264352 0.0359375 0.165741
1 0.565625 0.3375 0.0135417 0.0287037
0 0.26276 0.336574 0.248437 0.582407
2 0.503906 0.299537 0.0578125 0.0509259
0 0.855469 0.389815 0.250521 0.731481
