7 0.23151 0.301389 0.0192708 0.0916667
7 0.903125 0.218981 0.0291667 0.102778
4 0.930208 0.277778 0.0145833 0.0277778
12 0.0890625 0.443056 0.176042 0.0842593
7 0.971354 0.277315 0.0427083 0.206481
6 0.917708 0.344907 0.059375 0.132407
7 0.217969 0.293519 0.0328125 0.118519
7 0.186719 0.298148 0.0213542 0.122222
0 0.917969 0.343519 0.0598958 0.135185
7 0.171875 0.303241 0.0239583 0.121296
7 0.875781 0.269444 0.0401042 0.207407
0 0.386979 0.321296 0.0729167 0.190741
0 0.209635 0.376389 0.0671875 0.134259
7 0.525781 0.245833 0.0776042 0.289815
0 0.685417 0.318981 0.0947917 0.265741
