3 0.71901 0.300926 0.00885417 0.0703704
1 0.716927 0.334722 0.00885417 0.0157407
6 0.465625 0.305556 0.0239583 0.05
7 0.0143229 0.344907 0.0192708 0.110185
6 0.195052 0.335185 0.0453125 0.0814815
7 0.0317708 0.351852 0.0177083 0.0888889
2 0.691406 0.307407 0.0671875 0.0740741
12 0.0856771 0.438426 0.171354 0.119444
7 0.732813 0.265741 0.0364583 0.157407
0 0.654427 0.306481 0.0192708 0.0444444
6 0.569792 0.306481 0.0208333 0.0388889
7 0.988802 0.295833 0.0203125 0.165741
0 0.95625 0.345833 0.0229167 0.0638889
7 0.379167 0.259722 0.0302083 0.189815
0 0.68125 0.321759 0.0447917 0.0990741
