0 0.507552 0.314352 0.0317708 0.0601852
12 0.0434896 0.556481 0.0859375 0.087037
7 0.531771 0.245833 0.0364583 0.197222
7 0.505208 0.250926 0.0364583 0.174074
1 0.914323 0.34537 0.0078125 0.012963
7 0.561719 0.249537 0.0338542 0.169444
6 0.595833 0.315741 0.04375 0.0888889
3 0.791146 0.303704 0.00833333 0.0666667
3 0.720833 0.294907 0.00833333 0.0712963
0 0.990365 0.352778 0.0192708 0.0925926
0 0.179427 0.381019 0.134896 0.358333
7 0.445052 0.230556 0.0869792 0.364815
2 0.75625 0.299537 0.08125 0.0712963
0 0.33776 0.322685 0.0911458 0.252778
7 0.66224 0.218519 0.133854 0.437037
