0 0.398958 0.310648 0.0239583 0.0638889
0 0.0130208 0.392593 0.0239583 0.0685185
0 0.984896 0.348611 0.0291667 0.0787037
7 0.0625 0.305556 0.0197917 0.0759259
0 0.845833 0.317593 0.04375 0.0925926
7 0.98099 0.189815 0.0380208 0.37037
6 0.0127604 0.388426 0.0234375 0.0731481
0 0.133333 0.375926 0.0635417 0.133333
7 0.813802 0.27037 0.0401042 0.17037
7 0.278125 0.262963 0.0385417 0.22037
7 0.0106771 0.351389 0.0182292 0.117593
7 0.94375 0.293519 0.0229167 0.135185
6 0.846354 0.321759 0.0416667 0.0861111
3 0.0726563 0.356481 0.0109375 0.0851852
0 0.446094 0.306944 0.0276042 0.0675926
7 0.795573 0.292593 0.0484375 0.125926
1 0.971615 0.373611 0.0140625 0.025
1 0.920833 0.361574 0.0145833 0.025
7 0.248698 0.238889 0.0859375 0.47037
2 0.0385417 0.368056 0.0708333 0.0953704
7 0.340885 0.248611 0.0515625 0.232407
