0 0.45026 0.313889 0.0213542 0.0574074
7 0.921875 0.37963 0.0364583 0.2
4 0.704948 0.242593 0.0140625 0.0351852
7 0.133854 0.350926 0.0177083 0.0592593
7 0.116146 0.343981 0.0177083 0.0712963
3 0.233594 0.324537 0.00572917 0.062037
0 0.0976562 0.368981 0.0223958 0.062037
3 0.170573 0.33287 0.00677083 0.0638889
6 0.0463542 0.388889 0.0270833 0.0611111
7 0.73125 0.136574 0.0572917 0.182407
7 0.827865 0.209259 0.101562 0.392593
7 0.46875 0.266204 0.0395833 0.178704
1 0.855469 0.449074 0.0505208 0.1
6 0.700521 0.306481 0.130208 0.253704
7 0.642708 0.228241 0.104167 0.287963
2 0.201562 0.331481 0.06875 0.0685185
