12 0.0723958 0.461111 0.138542 0.0777778
12 0.125521 0.45787 0.24375 0.217593
12 0.0364583 0.462037 0.071875 0.0611111
2 0.454948 0.303704 0.0630208 0.0537037
7 0.0911458 0.319444 0.0229167 0.122222
0 0.410417 0.3125 0.0197917 0.0453704
0 0.439583 0.312963 0.0197917 0.0444444
0 0.16224 0.428704 0.161979 0.388889
7 0.411458 0.315278 0.0229167 0.0398148
7 0.978385 0.49537 0.0432292 0.244444
2 0.866146 0.423148 0.228125 0.124074
7 0.161458 0.361111 0.173958 0.522222
7 0.472917 0.27037 0.0322917 0.151852
0 0.653385 0.431019 0.268229 0.773148
