7 0.801042 0.269444 0.0291667 0.15
7 0.194531 0.314815 0.0140625 0.0685185
0 0.922135 0.333333 0.0203125 0.0462963
1 0.901823 0.348148 0.0109375 0.0166667
7 0.349219 0.294444 0.0223958 0.0740741
0 0.21224 0.329167 0.0213542 0.0398148
3 0.251823 0.31713 0.00677083 0.0527778
6 0.670313 0.319444 0.0541667 0.118519
2 0.222656 0.320833 0.0609375 0.0509259
7 0.289062 0.293056 0.0239583 0.087963
6 0.382031 0.325463 0.0463542 0.0990741
0 0.49401 0.306944 0.0453125 0.112037
0 0.670573 0.315278 0.0536458 0.126852
7 0.332552 0.284259 0.0223958 0.0981481
7 0.445833 0.269907 0.0520833 0.156481
7 0.622135 0.247685 0.0390625 0.225
7 0.859635 0.237963 0.118229 0.466667
