6 0.853906 0.318981 0.0234375 0.0490741
7 0.519792 0.289815 0.021875 0.087037
1 0.682292 0.322222 0.00833333 0.0148148
0 0.432292 0.312037 0.0229167 0.0759259
7 0.983594 0.323148 0.0182292 0.0759259
7 0.571875 0.281019 0.01875 0.0805556
3 0.748958 0.297685 0.00833333 0.0675926
7 0.961458 0.322222 0.0135417 0.0722222
0 0.598698 0.311111 0.0296875 0.0666667
3 0.671875 0.292593 0.009375 0.0722222
6 0.599219 0.312963 0.0296875 0.0611111
1 0.473177 0.330556 0.0119792 0.0203704
1 0.949479 0.381944 0.0177083 0.0361111
7 0.639583 0.28287 0.0208333 0.0787037
0 0.725781 0.313426 0.0276042 0.062037
7 0.829167 0.257407 0.046875 0.255556
2 0.711458 0.296759 0.084375 0.0731481
7 0.25651 0.275 0.122396 0.540741
