7 0.455729 0.2875 0.0135417 0.062037
7 0.594271 0.290741 0.021875 0.0759259
7 0.534896 0.284722 0.0166667 0.087963
7 0.546094 0.28287 0.0161458 0.087963
7 0.51901 0.283333 0.0182292 0.0851852
6 0.817448 0.343519 0.0567708 0.124074
4 0.0966146 0.312037 0.0109375 0.0259259
6 0.0984375 0.373611 0.046875 0.108333
7 0.561719 0.276852 0.0255208 0.103704
7 0.889583 0.308333 0.0354167 0.177778
0 0.818229 0.343056 0.05625 0.125
7 0.494792 0.284259 0.015625 0.0722222
0 0.603646 0.313426 0.0229167 0.0638889
0 0.575521 0.319444 0.0385417 0.0796296
3 0.00703125 0.365278 0.0119792 0.134259
0 0.0986979 0.373148 0.0494792 0.112963
2 0.0619792 0.361111 0.121875 0.144444
7 0.152604 0.251852 0.075 0.385185
7 0.0799479 0.278241 0.0369792 0.20463
7 0.642448 0.277778 0.0276042 0.127778
7 0.214844 0.259722 0.0432292 0.302778
