7 0.646875 0.276389 0.021875 0.075
0 0.0101562 0.39213 0.0192708 0.062037
7 0.405208 0.272685 0.0260417 0.134259
7 0.982031 0.293519 0.0296875 0.15
7 0.596354 0.275 0.021875 0.0833333
7 0.755729 0.276389 0.0239583 0.0898148
7 0.390625 0.273611 0.0385417 0.136111
7 0.911198 0.292593 0.0317708 0.151852
0 0.136198 0.375463 0.0567708 0.141667
7 0.329948 0.281944 0.0296875 0.136111
7 0.295052 0.286574 0.0286458 0.134259
0 0.953906 0.343981 0.0359375 0.0990741
3 0.433073 0.29213 0.00989583 0.0842593
3 0.528906 0.287963 0.00989583 0.0833333
7 0.175521 0.246296 0.0614583 0.405556
0 0.888542 0.335185 0.0510417 0.137037
7 0.0684896 0.290741 0.0984375 0.568519
2 0.480208 0.291667 0.103125 0.0888889
