0 0.401042 0.309259 0.0229167 0.0518519
0 0.513281 0.301852 0.0223958 0.0537037
6 0.119271 0.355556 0.0395833 0.0851852
12 0.0455729 0.448148 0.0911458 0.0777778
7 0.934635 0.316667 0.0161458 0.0648148
7 0.990365 0.290278 0.0192708 0.193519
7 0.911719 0.314352 0.0140625 0.0657407
2 0.649219 0.292593 0.0786458 0.0814815
0 0.608594 0.301389 0.0234375 0.0564815
7 0.844792 0.269907 0.053125 0.197222
0 0.953125 0.343981 0.025 0.0638889
7 0.334375 0.270833 0.0302083 0.180556
0 0.659115 0.312037 0.0588542 0.159259
