7 0.496875 0.29537 0.034375 0.0962963
7 0.908073 0.303704 0.0213542 0.0925926
7 0.585156 0.273611 0.0255208 0.108333
7 0.658073 0.282407 0.0213542 0.0925926
3 0.828385 0.302778 0.0109375 0.0925926
6 0.277865 0.322222 0.0598958 0.162963
7 0.561979 0.272685 0.0239583 0.108333
6 0.610417 0.308333 0.0604167 0.159259
0 0.277604 0.318981 0.0614583 0.167593
6 0.365885 0.308333 0.0515625 0.114815
0 0.952865 0.345833 0.0286458 0.0527778
0 0.366927 0.308796 0.0536458 0.113889
7 0.704948 0.278241 0.0213542 0.100926
0 0.497135 0.297685 0.0338542 0.0972222
1 0.73776 0.333796 0.0109375 0.0194444
7 0.939323 0.319444 0.0265625 0.0796296
0 0.609635 0.306481 0.0630208 0.157407
7 0.677604 0.277778 0.0229167 0.101852
3 0.726042 0.290741 0.0125 0.103704
7 0.192708 0.304167 0.1 0.310185
0 0.84401 0.334259 0.0463542 0.116667
1 0.399219 0.35 0.0182292 0.0333333
2 0.777344 0.297685 0.115104 0.110185
