7 0.302604 0.28287 0.0625 0.141667
7 0.778906 0.202778 0.0234375 0.0685185
1 0.995313 0.382407 0.009375 0.0259259
0 0.963802 0.356019 0.0338542 0.106481
0 0.925 0.344444 0.0479167 0.109259
6 0.85651 0.343981 0.0640625 0.149074
7 0.0179687 0.400463 0.0338542 0.443519
7 0.0796875 0.306019 0.0416667 0.208333
7 0.804167 0.238889 0.0395833 0.140741
4 0.878125 0.261111 0.015625 0.0351852
6 0.304688 0.375926 0.0822917 0.12963
7 0.858073 0.183333 0.0557292 0.148148
7 0.0552083 0.290278 0.0385417 0.249074
0 0.304167 0.358796 0.0833333 0.178704
0 0.857031 0.344907 0.0640625 0.14537
7 0.967188 0.258333 0.0583333 0.294444
7 0.718229 0.171296 0.0447917 0.0981481
0 0.686198 0.315741 0.0765625 0.214815
7 0.216667 0.298148 0.096875 0.314815
