6 0.85651 0.335185 0.0421875 0.0740741
0 0.857552 0.333796 0.0401042 0.0768519
7 0.034375 0.339352 0.0270833 0.147222
1 0.992188 0.381944 0.0135417 0.0212963
0 0.0710938 0.374537 0.0317708 0.0601852
7 0.0617188 0.328704 0.0255208 0.135185
0 0.227604 0.356481 0.06875 0.157407
0 0.489062 0.30787 0.0270833 0.0657407
7 0.813021 0.260648 0.0291667 0.199074
6 0.924479 0.338889 0.040625 0.0833333
7 0.0109375 0.345833 0.021875 0.158333
3 0.14375 0.336574 0.009375 0.0898148
7 0.0963542 0.322685 0.03125 0.150926
2 0.111458 0.335648 0.0729167 0.0972222
0 0.527604 0.308796 0.0333333 0.0824074
7 0.560417 0.268056 0.04375 0.158333
7 0.436458 0.247222 0.0395833 0.222222
7 0.377344 0.247685 0.0421875 0.228704
