0 0.927604 0.340278 0.0291667 0.0564815
7 0.426823 0.289815 0.0265625 0.087037
7 0.766406 0.274537 0.0234375 0.143519
0 0.423438 0.300926 0.025 0.0777778
6 0.804948 0.318981 0.0348958 0.0694444
7 0.823438 0.275463 0.0260417 0.134259
1 0.864844 0.348611 0.0109375 0.0175926
0 0.990885 0.347685 0.0182292 0.0731481
0 0.805469 0.317593 0.0338542 0.0722222
1 0.90599 0.35463 0.0119792 0.0222222
7 0.745052 0.266204 0.0296875 0.150926
7 0.472917 0.279167 0.03125 0.10463
7 0.783594 0.269907 0.0265625 0.152778
2 0.0109375 0.371759 0.0208333 0.10463
7 0.659115 0.263426 0.0307292 0.152778
7 0.703385 0.266204 0.0390625 0.149074
3 0.0169271 0.366204 0.0109375 0.0990741
1 0.0466146 0.468056 0.0328125 0.0694444
0 0.310937 0.35 0.0802083 0.188889
