7 0.690365 0.283333 0.0192708 0.0851852
4 0.946615 0.290741 0.0171875 0.037037
0 0.0981771 0.36713 0.0390625 0.100926
7 0.219792 0.233796 0.034375 0.187963
1 0.982031 0.364815 0.0109375 0.0166667
0 0.938281 0.368981 0.0723958 0.141667
6 0.0184896 0.395833 0.0338542 0.102778
7 0.0674479 0.328704 0.0338542 0.155556
3 0.891146 0.3125 0.0104167 0.0805556
6 0.226823 0.344444 0.0494792 0.116667
3 0.80651 0.304167 0.00885417 0.0768519
7 0.148438 0.290278 0.034375 0.206481
6 0.941146 0.368056 0.06875 0.141667
7 0.321094 0.232407 0.116146 0.45
2 0.849219 0.309259 0.0921875 0.0851852
7 0.54974 0.209722 0.0911458 0.410185
