7 0.886198 0.310185 0.0130208 0.0666667
2 0.436979 0.300926 0.05 0.0425926
7 0.141146 0.29537 0.0416667 0.198148
7 0.601302 0.275463 0.0276042 0.0990741
6 0.571875 0.307407 0.025 0.0555556
0 0.572656 0.307407 0.0234375 0.0592593
7 0.772917 0.268519 0.034375 0.135185
0 0.111198 0.375463 0.0432292 0.0916667
7 0.511979 0.258333 0.0302083 0.159259
3 0.0822917 0.346759 0.0114583 0.112037
7 0.167969 0.286111 0.0380208 0.237037
6 0.741406 0.327778 0.0473958 0.0962963
7 0.466667 0.2625 0.0291667 0.14537
2 0.0434896 0.366667 0.0859375 0.148148
