6 0.635938 0.309722 0.025 0.0453704
3 0.995833 0.34213 0.00729167 0.112037
0 0.635677 0.309722 0.0244792 0.0453704
7 0.303906 0.302315 0.0234375 0.0824074
1 0.936979 0.360185 0.0104167 0.0166667
3 0.00859375 0.366667 0.0109375 0.0962963
2 0.00859375 0.36713 0.0119792 0.0953704
0 0.735937 0.324537 0.025 0.0509259
3 0.924219 0.325926 0.0109375 0.0851852
6 0.680469 0.31713 0.0213542 0.0435185
1 0.451302 0.3375 0.0140625 0.025
0 0.260938 0.345833 0.0677083 0.165741
7 0.140625 0.238426 0.0739583 0.417593
2 0.959115 0.3375 0.0817708 0.108333
