0 0.0208333 0.39213 0.0416667 0.160185
0 0.903646 0.338426 0.0239583 0.0601852
0 0.110417 0.378704 0.046875 0.159259
6 0.93151 0.343981 0.0328125 0.0768519
0 0.932552 0.344444 0.0307292 0.0685185
6 0.904427 0.337037 0.0244792 0.0666667
4 0.843229 0.270833 0.0135417 0.0268519
1 0.916667 0.36713 0.0125 0.0231481
6 0.875781 0.340741 0.0338542 0.0925926
6 0.824219 0.325463 0.0890625 0.136111
7 0.25026 0.228704 0.0557292 0.442593
7 0.958594 0.238889 0.0723958 0.425926
0 0.161458 0.381019 0.1 0.271296
7 0.734375 0.233333 0.0739583 0.331481
