0 0.965104 0.347222 0.0197917 0.0592593
7 0.654948 0.256944 0.0265625 0.087963
7 0.691146 0.300463 0.0510417 0.102778
7 0.623438 0.25787 0.021875 0.0694444
7 0.56901 0.231019 0.0286458 0.0694444
1 0.786198 0.340741 0.0130208 0.0222222
0 0.283854 0.324074 0.034375 0.0833333
7 0.858073 0.2875 0.0223958 0.134259
7 0.83776 0.288426 0.0255208 0.134259
7 0.721354 0.243981 0.0354167 0.189815
7 0.973958 0.266667 0.0479167 0.505556
0 0.110417 0.377778 0.130208 0.422222
7 0.176823 0.255556 0.0380208 0.292593
7 0.203906 0.264815 0.0505208 0.274074
7 0.477865 0.258796 0.129688 0.491667
7 0.24401 0.249074 0.0411458 0.292593
