0 0.290885 0.322222 0.0182292 0.0592593
6 0.290104 0.323148 0.0177083 0.0555556
0 0.596354 0.311111 0.0458333 0.0777778
0 0.733333 0.315741 0.0302083 0.0648148
6 0.673437 0.308333 0.0395833 0.0814815
3 0.0205729 0.36713 0.00989583 0.0787037
7 0.340625 0.3 0.0229167 0.0814815
6 0.596615 0.309259 0.0473958 0.0833333
7 0.563021 0.260648 0.0270833 0.110185
7 0.815104 0.279167 0.0333333 0.141667
1 0.813542 0.347685 0.0145833 0.025
6 0.859896 0.336574 0.0333333 0.0583333
0 0.059375 0.384259 0.0416667 0.111111
7 0.365365 0.291204 0.0234375 0.108333
0 0.309115 0.325463 0.0286458 0.0694444
0 0.672917 0.308333 0.0395833 0.0833333
2 0.0135417 0.372222 0.0270833 0.0907407
7 0.505729 0.262963 0.025 0.137037
1 0.75651 0.340741 0.0140625 0.0240741
7 0.645833 0.269907 0.0291667 0.136111
7 0.176302 0.286574 0.0328125 0.189815
7 0.223698 0.265741 0.0369792 0.231481
