0 0.933594 0.342593 0.0223958 0.0666667
0 0.361458 0.318519 0.028125 0.0703704
0 0.31901 0.318981 0.0213542 0.075
7 0.971875 0.247222 0.0552083 0.401852
3 0.021875 0.362963 0.009375 0.0925926
7 0.260156 0.292593 0.0223958 0.0796296
4 0.821875 0.322222 0.0166667 0.0407407
7 0.83151 0.148611 0.0578125 0.143519
6 0.811979 0.346296 0.122917 0.244444
2 0.0135417 0.371296 0.0270833 0.0962963
4 0.782031 0.211111 0.0171875 0.0537037
6 0.89401 0.342593 0.0546875 0.127778
7 0.33776 0.258796 0.0453125 0.230556
0 0.252604 0.335185 0.034375 0.0944444
