0 0.85026 0.330556 0.0359375 0.0796296
6 0.270052 0.337963 0.0369792 0.087037
1 0.953906 0.363426 0.0109375 0.0175926
6 0.85026 0.329167 0.0338542 0.0805556
0 0.270573 0.336111 0.0369792 0.0925926
7 0.751042 0.273611 0.03125 0.137963
1 0.932292 0.360185 0.0114583 0.0185185
6 0.885417 0.327315 0.0375 0.0842593
0 0.885938 0.325 0.0364583 0.087037
7 0.983073 0.275463 0.0328125 0.250926
7 0.353385 0.287037 0.0453125 0.161111
7 0.713021 0.213889 0.0333333 0.0814815
7 0.280469 0.274074 0.0380208 0.162963
7 0.0929687 0.264815 0.0973958 0.492593
