7 0.034375 0.350926 0.0177083 0.0944444
4 0.570833 0.25 0.015625 0.0314815
12 0.0200521 0.418519 0.0401042 0.0277778
0 0.567708 0.327315 0.0677083 0.149074
7 0.438802 0.269907 0.0244792 0.128704
7 0.110937 0.325463 0.0333333 0.0972222
0 0.0565104 0.387037 0.0234375 0.0537037
7 0.05625 0.34537 0.0229167 0.103704
3 0.78776 0.293519 0.00989583 0.0833333
1 0.951302 0.355556 0.0119792 0.0240741
7 0.345833 0.274537 0.0333333 0.150926
3 0.875781 0.30463 0.00989583 0.0888889
7 0.632292 0.286111 0.0489583 0.207407
7 0.389062 0.265741 0.0302083 0.151852
6 0.567187 0.328704 0.0697917 0.144444
0 0.133594 0.367593 0.0411458 0.1
1 0.750521 0.427778 0.0510417 0.0981481
2 0.830729 0.298611 0.0958333 0.0898148
