7 0.210938 0.319444 0.0125 0.0518519
0 0.935417 0.3625 0.0395833 0.108333
7 0.986458 0.31713 0.0270833 0.113889
4 0.566667 0.27037 0.0145833 0.0314815
7 0.723958 0.288426 0.0489583 0.132407
1 0.31849 0.341204 0.0119792 0.025
6 0.56875 0.314815 0.0625 0.138889
7 0.939844 0.293981 0.0286458 0.0675926
2 0.321094 0.311574 0.0546875 0.0675926
0 0.26276 0.328704 0.0203125 0.0648148
7 0.320312 0.274074 0.0322917 0.15
1 0.875781 0.381481 0.0234375 0.0481481
0 0.292448 0.340278 0.0588542 0.139815
0 0.570052 0.313889 0.0630208 0.135185
