7 0.0544271 0.271296 0.0369792 0.138889
7 0.478125 0.156481 0.0416667 0.0962963
0 0.101823 0.406019 0.0692708 0.150926
0 0.713021 0.328704 0.0677083 0.168519
4 0.725781 0.236574 0.0151042 0.0342593
0 0.928646 0.335185 0.03125 0.0833333
7 0.840885 0.228704 0.0255208 0.0740741
6 0.866146 0.325 0.053125 0.12037
7 0.585938 0.213889 0.0625 0.396296
6 0.101562 0.416204 0.0708333 0.125
1 0.910417 0.364815 0.0145833 0.0259259
0 0.865104 0.323148 0.0520833 0.125926
7 0.154427 0.175 0.0630208 0.124074
7 0.040625 0.349537 0.0791667 0.276852
7 0.766927 0.243519 0.0890625 0.32963
7 0.63724 0.227315 0.153646 0.443519
0 0.475 0.309722 0.090625 0.25463
