7 0.146615 0.285648 0.0390625 0.252778
7 0.851823 0.307407 0.0161458 0.0648148
7 0.938281 0.336111 0.0140625 0.037037
7 0.488021 0.27963 0.0239583 0.0888889
7 0.808854 0.328704 0.0302083 0.0833333
7 0.754427 0.2875 0.0369792 0.119444
0 0.547917 0.311574 0.0239583 0.0546296
7 0.980208 0.325926 0.0166667 0.0759259
7 0.0989583 0.269444 0.040625 0.238889
6 0.547917 0.313889 0.0239583 0.0481481
7 0.42474 0.272685 0.0255208 0.134259
0 0.111979 0.378241 0.053125 0.113889
7 0.56901 0.281481 0.0255208 0.0981481
7 0.163542 0.28287 0.0489583 0.267593
6 0.752604 0.327778 0.0416667 0.0944444
7 0.457292 0.276852 0.025 0.116667
3 0.053125 0.35463 0.0125 0.12963
7 0.400521 0.278241 0.0270833 0.121296
2 0.0296875 0.367593 0.0572917 0.155556
