12 0.314583 0.397685 0.178125 0.0861111
7 0.342969 0.310185 0.0213542 0.0962963
7 0.284896 0.307407 0.0260417 0.0777778
12 0.0888021 0.487963 0.177604 0.122222
1 0.128646 0.381019 0.0135417 0.025
3 0.794792 0.303704 0.00625 0.0555556
3 0.734896 0.301852 0.00833333 0.0574074
0 0.663281 0.309722 0.0203125 0.0416667
0 0.747396 0.314352 0.0177083 0.0435185
7 0.86849 0.292593 0.0255208 0.12963
0 0.842448 0.333333 0.0411458 0.105556
7 0.0713542 0.326389 0.0260417 0.143519
7 0.510156 0.257407 0.0348958 0.188889
2 0.764583 0.304167 0.065625 0.0546296
