12 0.951823 0.518519 0.0963542 0.112963
7 0.636979 0.141667 0.0645833 0.272222
7 0.694531 0.184259 0.0734375 0.357407
3 0.261458 0.319907 0.00729167 0.0601852
6 0.0570313 0.385185 0.0234375 0.0574074
7 0.142188 0.340278 0.0166667 0.0675926
7 0.74375 0.220833 0.129167 0.432407
3 0.20026 0.331019 0.0078125 0.0638889
0 0.109896 0.365741 0.0208333 0.0555556
0 0.60026 0.285185 0.148438 0.372222
2 0.230729 0.326852 0.06875 0.0648148
1 0.572917 0.486111 0.0802083 0.140741
1 0.680469 0.76713 0.193229 0.350926
7 0.45026 0.288426 0.174479 0.332407
