6 0.654948 0.298611 0.0213542 0.0490741
3 0.773958 0.306481 0.0114583 0.0740741
6 0.257552 0.322222 0.0296875 0.0685185
12 0.123958 0.418981 0.247917 0.110185
0 0.55599 0.297685 0.0192708 0.0527778
1 0.117188 0.371296 0.0114583 0.0203704
3 0.75599 0.299074 0.00677083 0.0555556
0 0.580729 0.298611 0.0270833 0.0472222
6 0.292448 0.319444 0.0401042 0.0722222
0 0.655729 0.295833 0.021875 0.0546296
6 0.741927 0.309722 0.0213542 0.0435185
3 0.820573 0.302778 0.00572917 0.0555556
7 0.0729167 0.322222 0.021875 0.12963
7 0.455729 0.256019 0.03125 0.167593
7 0.108854 0.325 0.0197917 0.103704
2 0.790625 0.305093 0.0645833 0.062037
0 0.686198 0.312037 0.0453125 0.114815
