7 0.777604 0.312037 0.0177083 0.0555556
7 0.280729 0.298148 0.0145833 0.0740741
7 0.545573 0.301389 0.0182292 0.062037
0 0.00572917 0.406019 0.0114583 0.087963
7 0.298958 0.296296 0.0166667 0.0814815
6 0.00598958 0.406019 0.0119792 0.0842593
6 0.565365 0.318519 0.0338542 0.0537037
3 0.958073 0.318981 0.0140625 0.150926
0 0.148438 0.348148 0.0197917 0.0555556
3 0.86901 0.308796 0.0119792 0.119444
2 0.920833 0.318519 0.114583 0.138889
1 0.251563 0.354167 0.0125 0.0231481
1 0.888021 0.356019 0.015625 0.025
