7 0.770833 0.278704 0.025 0.116667
7 0.199479 0.301389 0.0197917 0.108333
7 0.753385 0.276852 0.0265625 0.125926
6 0.466146 0.324074 0.0479167 0.087037
7 0.235677 0.296759 0.0223958 0.110185
7 0.215885 0.298611 0.0192708 0.112037
7 0.18125 0.303704 0.01875 0.112963
0 0.551042 0.306019 0.040625 0.0990741
7 0.496354 0.249074 0.0447917 0.103704
7 0.266406 0.286111 0.0223958 0.116667
7 0.803385 0.275463 0.0234375 0.123148
7 0.605729 0.243981 0.046875 0.210185
7 0.316146 0.255093 0.040625 0.191667
0 0.829948 0.335648 0.0526042 0.139815
