2 0.836979 0.309722 0.03125 0.062037
7 0.540365 0.285185 0.0203125 0.0833333
7 0.0765625 0.343519 0.0208333 0.0907407
6 0.379167 0.325463 0.0614583 0.115741
3 0.849479 0.308796 0.00833333 0.0564815
12 0.136719 0.440278 0.272396 0.132407
7 0.358594 0.252778 0.0348958 0.118519
0 0.378906 0.320833 0.0630208 0.115741
0 0.944271 0.347685 0.028125 0.0583333
7 0.0356771 0.343981 0.0192708 0.0990741
7 0.00729167 0.354167 0.0135417 0.110185
7 0.0609375 0.334722 0.021875 0.115741
7 0.141927 0.32037 0.0255208 0.103704
0 0.446094 0.313889 0.0463542 0.0981481
7 0.452083 0.248148 0.0427083 0.190741
0 0.601823 0.313889 0.0432292 0.0944444
7 0.752865 0.235185 0.0359375 0.231481
7 0.698438 0.243981 0.0427083 0.243519
7 0.805729 0.239352 0.059375 0.284259
