0 0.464063 0.299074 0.0229167 0.0648148
7 0.40599 0.287963 0.0192708 0.0888889
7 0.389323 0.286574 0.0161458 0.0898148
0 0.70026 0.324537 0.0661458 0.156481
7 0.465625 0.285185 0.0239583 0.0888889
0 0.402865 0.318981 0.0203125 0.0453704
7 0.424219 0.283796 0.0182292 0.0824074
6 0.538281 0.314352 0.0328125 0.0638889
7 0.735417 0.270833 0.0260417 0.121296
6 0.69974 0.32963 0.0661458 0.148148
0 0.538021 0.3125 0.03125 0.0657407
7 0.874219 0.309722 0.0171875 0.0787037
7 0.446094 0.284259 0.0203125 0.0851852
7 0.379948 0.285648 0.0192708 0.0972222
7 0.5125 0.279167 0.0260417 0.10463
7 0.0200521 0.337037 0.0401042 0.227778
