1 0.946875 0.35463 0.009375 0.0166667
7 0.124219 0.31713 0.0192708 0.100926
3 0.0919271 0.726852 0.108854 0.546296
7 0.202344 0.31713 0.0140625 0.062037
7 0.185156 0.311574 0.0192708 0.0824074
7 0.131771 0.311574 0.021875 0.10463
0 0.776302 0.318519 0.0213542 0.0481481
7 0.159115 0.310185 0.0213542 0.1
7 0.386719 0.271296 0.0317708 0.148148
1 0.742969 0.339815 0.0130208 0.0222222
7 0.548437 0.27037 0.0239583 0.107407
2 0.857552 0.316667 0.0682292 0.0685185
0 0.829687 0.327778 0.0364583 0.087037
7 0.704687 0.253704 0.0427083 0.194444
