7 0.0481771 0.339815 0.0192708 0.0981481
6 0.574219 0.304167 0.0203125 0.0416667
7 0.05625 0.334722 0.01875 0.100926
7 0.107031 0.329167 0.0182292 0.0805556
7 0.0723958 0.330556 0.0197917 0.1
7 0.40599 0.275926 0.0213542 0.112963
3 0.78776 0.303704 0.00677083 0.0611111
0 0.660677 0.305556 0.0213542 0.0481481
0 0.919792 0.338889 0.0385417 0.107407
0 0.375781 0.32037 0.0442708 0.0981481
7 0.607552 0.260185 0.0286458 0.159259
7 0.93724 0.258333 0.0453125 0.274074
2 0.753646 0.302315 0.071875 0.0546296
