12 0.0453125 0.492593 0.0885417 0.1
12 0.259375 0.396759 0.170833 0.0712963
0 0.191927 0.32963 0.0286458 0.0611111
7 0.120312 0.32037 0.034375 0.0944444
6 0.607292 0.304167 0.0197917 0.037963
7 0.946875 0.318981 0.0125 0.062037
1 0.06875 0.395833 0.0145833 0.025
7 0.80026 0.27963 0.0338542 0.107407
7 0.28099 0.310185 0.0234375 0.0925926
3 0.678385 0.292593 0.0078125 0.0555556
0 0.690365 0.303241 0.0192708 0.0435185
0 0.749219 0.309722 0.0276042 0.0657407
1 0.781771 0.332407 0.0104167 0.0185185
2 0.7125 0.293981 0.0697917 0.0527778
7 0.859115 0.263426 0.0307292 0.193519
