7 0.239583 0.310648 0.0166667 0.0583333
0 0.652083 0.3125 0.0479167 0.126852
0 0.93151 0.359259 0.0338542 0.0648148
6 0.757031 0.315741 0.0369792 0.087037
7 0.0479167 0.339815 0.0208333 0.124074
6 0.649219 0.32037 0.0494792 0.109259
0 0.838802 0.332407 0.0359375 0.0925926
7 0.0330729 0.340741 0.0338542 0.138889
3 0.192969 0.326389 0.00572917 0.0601852
1 0.813281 0.353704 0.0151042 0.0277778
0 0.0125 0.39213 0.0229167 0.0657407
3 0.130208 0.3375 0.00729167 0.0638889
0 0.272656 0.327315 0.0203125 0.0527778
0 0.75625 0.314352 0.0364583 0.0916667
1 0.0580729 0.397685 0.0151042 0.025
1 0.860937 0.364352 0.0166667 0.0305556
7 0.670052 0.255093 0.0380208 0.199074
0 0.440365 0.323611 0.0734375 0.173148
2 0.161719 0.331944 0.0682292 0.0694444
