0 0.902604 0.333796 0.021875 0.0398148
7 0.469271 0.284722 0.0177083 0.0842593
7 0.725521 0.274537 0.0260417 0.136111
6 0.810677 0.319907 0.0255208 0.0509259
7 0.447135 0.285648 0.0171875 0.0787037
4 0.0364583 0.338889 0.0114583 0.0240741
6 0.604688 0.312963 0.0333333 0.0851852
0 0.810677 0.318519 0.0265625 0.0537037
0 0.429688 0.315278 0.0208333 0.0453704
2 0.0372396 0.37037 0.0744792 0.135185
7 0.424219 0.288889 0.0192708 0.0796296
0 0.040625 0.391667 0.0427083 0.0925926
7 0.0190104 0.313889 0.0359375 0.192593
6 0.040625 0.393056 0.0447917 0.0916667
7 0.397396 0.284722 0.015625 0.0675926
0 0.638281 0.325926 0.0578125 0.12963
7 0.059375 0.299537 0.04375 0.20463
6 0.638542 0.327778 0.0614583 0.124074
7 0.502865 0.258333 0.0265625 0.140741
7 0.790365 0.272685 0.0255208 0.134259
0 0.490104 0.308333 0.03125 0.0703704
7 0.569792 0.259259 0.0333333 0.166667
7 0.103385 0.294444 0.0588542 0.268519
