0 0.654427 0.307407 0.0265625 0.062963
7 0.176563 0.320833 0.0177083 0.0768519
7 0.517448 0.291204 0.0203125 0.0731481
6 0.571354 0.305093 0.0229167 0.0472222
7 0.19375 0.319444 0.0166667 0.0740741
0 0.571094 0.306944 0.0223958 0.0453704
7 0.164844 0.314352 0.0171875 0.0953704
3 0.871094 0.315741 0.00677083 0.062963
7 0.141146 0.32037 0.0229167 0.1
1 0.657812 0.333796 0.0145833 0.025
7 0.36901 0.272685 0.0307292 0.141667
3 0.80651 0.307407 0.0078125 0.0592593
0 0.725521 0.317593 0.0395833 0.0925926
7 0.629427 0.253241 0.0494792 0.193519
2 0.838802 0.313426 0.0713542 0.0638889
