7 0.348958 0.310185 0.021875 0.062963
1 0.0309896 0.401389 0.0078125 0.0157407
0 0.330208 0.321296 0.0229167 0.0518519
0 0.353125 0.326389 0.01875 0.037963
6 0.883594 0.362037 0.130729 0.344444
7 0.328125 0.306481 0.021875 0.0759259
3 0.482552 0.296296 0.0078125 0.0722222
0 0.882552 0.368519 0.130729 0.342593
0 0.24401 0.332407 0.0234375 0.0611111
6 0.188021 0.353241 0.034375 0.0731481
3 0.405729 0.299074 0.00833333 0.0703704
7 0.756771 0.245833 0.0635417 0.260185
2 0.443229 0.300926 0.0864583 0.0703704
