3 0.165104 0.33287 0.00729167 0.0601852
7 0.75 0.325 0.0510417 0.131481
0 0.85651 0.338889 0.0453125 0.116667
7 0.978646 0.34213 0.0395833 0.137963
7 0.789583 0.311574 0.034375 0.100926
4 0.861198 0.288889 0.0161458 0.0333333
7 0.820833 0.322685 0.0375 0.106481
6 0.857292 0.347222 0.046875 0.107407
0 0.821094 0.322685 0.0359375 0.106481
4 0.486719 0.268981 0.0151042 0.0268519
7 0.939583 0.314815 0.0291667 0.112963
1 0.779948 0.353704 0.0171875 0.0277778
0 0.704427 0.308796 0.0494792 0.121296
6 0.489323 0.321296 0.0630208 0.127778
7 0.61901 0.28287 0.0494792 0.136111
0 0.90599 0.351389 0.0494792 0.126852
0 0.15026 0.347222 0.0234375 0.0666667
0 0.489844 0.319907 0.0619792 0.130556
0 0.209635 0.352778 0.0588542 0.146296
1 0.799479 0.369907 0.0229167 0.0398148
