0 0.452865 0.309259 0.0234375 0.0648148
7 0.0302083 0.364815 0.0239583 0.12037
7 0.139323 0.34213 0.0171875 0.0657407
3 0.259896 0.319444 0.00729167 0.0611111
0 0.108854 0.364352 0.0208333 0.0583333
3 0.197656 0.32963 0.0078125 0.062963
6 0.0552083 0.388889 0.021875 0.0518519
0 0.549479 0.3 0.1875 0.309259
7 0.96875 0.279167 0.0614583 0.278704
7 0.625521 0.121296 0.0666667 0.216667
1 0.579427 0.485185 0.0796875 0.144444
1 0.703906 0.772222 0.194271 0.346296
7 0.724479 0.233796 0.171875 0.458333
2 0.228646 0.326852 0.06875 0.062963
