7 0.0117188 0.331019 0.0234375 0.160185
1 0.898958 0.354167 0.0114583 0.0175926
1 0.926823 0.355556 0.0130208 0.0185185
0 0.946354 0.343519 0.0197917 0.05
0 0.808333 0.327778 0.0239583 0.0666667
7 0.339583 0.28287 0.0229167 0.130556
6 0.957031 0.597222 0.0838542 0.494444
0 0.95651 0.467593 0.0869792 0.8
0 0.847135 0.322685 0.0369792 0.0768519
0 0.442448 0.313426 0.0401042 0.113889
7 0.48099 0.252778 0.0307292 0.214815
7 0.402865 0.209259 0.0734375 0.385185
7 0.303906 0.213889 0.0692708 0.414815
