7 0.940365 0.336574 0.0369792 0.0916667
7 0.135937 0.321759 0.0260417 0.115741
0 0.522917 0.30463 0.025 0.0592593
3 0.209635 0.324537 0.00572917 0.0657407
6 0.866667 0.330556 0.040625 0.101852
0 0.867448 0.327778 0.0411458 0.107407
0 0.157031 0.361111 0.0432292 0.105556
7 0.557813 0.277778 0.0364583 0.112963
2 0.179948 0.329167 0.0640625 0.0712963
7 0.735937 0.258333 0.0354167 0.198148
1 0.957812 0.381019 0.0166667 0.0305556
0 0.453385 0.312037 0.0494792 0.101852
7 0.83151 0.25463 0.0432292 0.22963
