7 0.879687 0.278704 0.021875 0.037037
6 0.910677 0.337963 0.0296875 0.0611111
7 0.94401 0.303241 0.0234375 0.123148
7 0.880729 0.293519 0.0260417 0.0685185
7 0.21901 0.30787 0.0192708 0.087963
3 0.198958 0.32963 0.0114583 0.087037
0 0.635156 0.305556 0.0255208 0.0777778
6 0.146615 0.356019 0.0296875 0.0657407
7 0.785156 0.263889 0.0223958 0.0685185
7 0.502344 0.170833 0.0286458 0.0787037
7 0.81875 0.28287 0.025 0.126852
0 0.964323 0.340278 0.0307292 0.075
7 0.929948 0.295833 0.0276042 0.139815
7 0.664062 0.278241 0.021875 0.108333
3 0.114583 0.339815 0.009375 0.0888889
2 0.158333 0.3375 0.0895833 0.0805556
7 0.170312 0.304167 0.053125 0.171296
7 0.573958 0.255093 0.0385417 0.199074
0 0.494531 0.325926 0.0692708 0.155556
7 0.0643229 0.325 0.0432292 0.174074
