12 0.0664062 0.418519 0.130729 0.0611111
0 0.758854 0.324537 0.0416667 0.0731481
6 0.758073 0.32037 0.0432292 0.0796296
6 0.822656 0.334722 0.0744792 0.136111
7 0.7125 0.253241 0.01875 0.0842593
0 0.24974 0.337963 0.0453125 0.114815
7 0.116667 0.316204 0.0291667 0.121296
0 0.982031 0.34213 0.0307292 0.0675926
7 0.194271 0.302778 0.0239583 0.105556
7 0.164844 0.275 0.0348958 0.175926
4 0.838542 0.261574 0.015625 0.0305556
0 0.148958 0.3625 0.0375 0.106481
7 0.0901042 0.320833 0.0291667 0.125
7 0.783594 0.252778 0.0338542 0.181481
0 0.822656 0.331019 0.0713542 0.130556
0 0.291146 0.343519 0.0791667 0.205556
7 0.882031 0.268981 0.0369792 0.193519
7 0.9375 0.284259 0.0354167 0.190741
7 0.433594 0.223148 0.0546875 0.309259
