7 0.963281 0.335648 0.0265625 0.0861111
0 0.841146 0.331481 0.03125 0.0574074
7 0.716146 0.293056 0.0229167 0.0694444
6 0.11224 0.368981 0.0380208 0.087963
6 0.989323 0.368519 0.0213542 0.0518519
7 0.372656 0.285648 0.0286458 0.117593
0 0.388021 0.320833 0.0322917 0.0657407
0 0.11224 0.362963 0.0359375 0.1
0 0.724219 0.310648 0.0265625 0.0657407
7 0.790625 0.262037 0.0260417 0.0722222
0 0.3 0.328241 0.0270833 0.0638889
7 0.915625 0.291204 0.0229167 0.134259
6 0.388021 0.320833 0.03125 0.0638889
6 0.015625 0.386574 0.0239583 0.0527778
1 0.78776 0.343519 0.0140625 0.0222222
7 0.351823 0.281481 0.0338542 0.142593
1 0.733854 0.338426 0.0125 0.0212963
7 0.0348958 0.350926 0.0239583 0.12037
7 0.305729 0.280556 0.0302083 0.142593
0 0.659375 0.305556 0.0322917 0.0796296
3 0.0697917 0.356019 0.00833333 0.0712963
2 0.0377604 0.363889 0.0703125 0.0907407
7 0.461458 0.262037 0.0291667 0.15
7 0.539583 0.26713 0.0291667 0.132407
7 0.63151 0.259259 0.0390625 0.164815
