7 0.913802 0.301389 0.0276042 0.130556
7 0.98724 0.337963 0.0223958 0.103704
0 0.926562 0.353241 0.034375 0.0731481
0 0.819531 0.322685 0.0223958 0.0638889
6 0.217448 0.348611 0.0286458 0.0564815
7 0.217187 0.311111 0.0260417 0.101852
7 0.17526 0.316667 0.0161458 0.0888889
3 0.266146 0.316204 0.00729167 0.0527778
6 0.926042 0.35463 0.034375 0.0722222
0 0.863542 0.331019 0.0322917 0.0731481
6 0.755208 0.312037 0.0385417 0.0944444
0 0.959896 0.356944 0.0354167 0.0861111
0 0.755208 0.311574 0.0395833 0.0972222
2 0.243229 0.324074 0.0541667 0.0574074
7 0.191927 0.313426 0.0192708 0.0972222
7 0.157292 0.318981 0.0177083 0.0935185
7 0.808854 0.278241 0.0395833 0.149074
7 0.715104 0.247222 0.0385417 0.203704
1 0.885156 0.36713 0.0161458 0.0268519
7 0.403125 0.272685 0.0260417 0.141667
7 0.376563 0.270833 0.028125 0.143519
7 0.653646 0.232407 0.053125 0.27963
7 0.467187 0.223148 0.0479167 0.277778
1 0.829948 0.356019 0.0161458 0.0287037
