7 0.907812 0.316204 0.0145833 0.0675926
6 0.945573 0.351389 0.0213542 0.0342593
1 0.816927 0.338889 0.0119792 0.0203704
7 0.538281 0.280093 0.0223958 0.0972222
7 0.98151 0.324537 0.0151042 0.075
1 0.741927 0.332407 0.0109375 0.0203704
6 0.332031 0.316204 0.0609375 0.173148
7 0.58099 0.273148 0.0265625 0.103704
4 0.675521 0.271296 0.01875 0.0333333
1 0.983073 0.367593 0.00885417 0.012963
0 0.456771 0.300926 0.03125 0.0944444
4 0.2875 0.250463 0.0145833 0.0361111
7 0.705729 0.277315 0.0260417 0.115741
6 0.671094 0.329167 0.0619792 0.115741
0 0.23125 0.333333 0.10625 0.244444
0 0.332031 0.313426 0.0630208 0.184259
0 0.671094 0.325 0.0609375 0.124074
3 0.827344 0.306481 0.00989583 0.0888889
7 0.929688 0.322222 0.0197917 0.0777778
0 0.873438 0.337037 0.04375 0.107407
0 0.395833 0.306481 0.053125 0.118519
3 0.730469 0.293519 0.0119792 0.107407
1 0.432292 0.348611 0.0197917 0.0342593
7 0.125521 0.297222 0.170833 0.583333
2 0.778385 0.299074 0.108854 0.103704
