0 0.789583 0.318981 0.0239583 0.0472222
7 0.804427 0.286574 0.0203125 0.0898148
7 0.535677 0.2625 0.0203125 0.100926
7 0.853906 0.318519 0.0182292 0.0555556
7 0.888542 0.320833 0.0135417 0.0657407
0 0.619792 0.314352 0.021875 0.0453704
1 0.727344 0.330093 0.0119792 0.0175926
1 0.766667 0.331481 0.0104167 0.0166667
0 0.291927 0.327778 0.0213542 0.0444444
7 0.298698 0.306944 0.0244792 0.0787037
0 0.343229 0.334722 0.05625 0.134259
7 0.365885 0.274074 0.0223958 0.124074
6 0.67474 0.308796 0.0296875 0.0546296
7 0.651042 0.280093 0.0239583 0.106481
6 0.345052 0.338426 0.0578125 0.128704
7 0.698438 0.26713 0.03125 0.137963
7 0.485938 0.274537 0.0260417 0.123148
7 0.404427 0.27963 0.0317708 0.142593
6 0.519792 0.311111 0.0427083 0.0796296
