0 0.875781 0.3375 0.0526042 0.0935185
6 0.872917 0.337963 0.0552083 0.0925926
7 0.88151 0.259722 0.0276042 0.0768519
0 0.985156 0.352778 0.0286458 0.0703704
6 0.248177 0.343981 0.0380208 0.0861111
6 0.985417 0.353241 0.0270833 0.0712963
7 0.328906 0.276852 0.0411458 0.153704
7 0.259635 0.276389 0.0328125 0.143519
6 0.920833 0.339815 0.0385417 0.0888889
0 0.248698 0.345833 0.0359375 0.0842593
0 0.920573 0.338426 0.0401042 0.0916667
0 0.341146 0.331019 0.040625 0.0935185
1 0.971354 0.375 0.0125 0.0222222
7 0.427083 0.257407 0.0447917 0.2
0 0.407031 0.326389 0.0619792 0.150926
