0 0.45599 0.32037 0.0619792 0.112963
7 0.484635 0.265741 0.0390625 0.144444
7 0.734115 0.0675926 0.153646 0.12963
7 0.548437 0.244444 0.0197917 0.0574074
0 0.941667 0.349074 0.0260417 0.0537037
2 0.811198 0.316667 0.0671875 0.0518519
7 0.429167 0.252315 0.0354167 0.115741
7 0.0486979 0.333333 0.0255208 0.15
0 0.984375 0.362037 0.0302083 0.0722222
7 0.0710938 0.325 0.0244792 0.148148
7 0.577865 0.27037 0.0276042 0.124074
1 0.115625 0.381481 0.0114583 0.0203704
7 0.198437 0.3125 0.0229167 0.100926
7 0.156771 0.318981 0.0166667 0.0953704
6 0.941927 0.347222 0.0265625 0.0555556
6 0.983854 0.3625 0.0291667 0.0712963
7 0.0908854 0.319907 0.0265625 0.141667
0 0.615885 0.305556 0.0244792 0.0574074
0 0.509896 0.314352 0.0427083 0.0972222
0 0.782812 0.327778 0.0364583 0.0888889
