3 0.773958 0.285648 0.01875 0.200926
0 0.485156 0.308333 0.0203125 0.0444444
7 0.688802 0.292593 0.0213542 0.0777778
7 0.421354 0.29213 0.015625 0.0657407
7 0.294792 0.293981 0.0177083 0.087963
3 0.713021 0.284259 0.0125 0.144444
1 0.138802 0.365741 0.00989583 0.0185185
0 0.0898438 0.359259 0.0161458 0.0462963
0 0.367708 0.321296 0.0291667 0.0592593
6 0.409635 0.316204 0.0234375 0.0490741
0 0.436198 0.308333 0.0213542 0.0462963
2 0.777344 0.282407 0.139062 0.214815
6 0.368229 0.322685 0.0291667 0.0583333
6 0.860156 0.353241 0.159896 0.415741
1 0.736458 0.340741 0.015625 0.0296296
7 0.933333 0.303704 0.133333 0.585185
