7 0.0304688 0.336111 0.0255208 0.116667
0 0.85 0.330093 0.071875 0.126852
0 0.153125 0.348611 0.0270833 0.062037
7 0.87526 0.297685 0.0286458 0.158333
0 0.0122396 0.3875 0.0244792 0.0768519
6 0.852865 0.333333 0.0682292 0.118519
4 0.849479 0.274537 0.015625 0.0268519
0 0.122396 0.358333 0.028125 0.0666667
1 0.376042 0.343981 0.015625 0.025
7 0.823958 0.296759 0.0395833 0.167593
1 0.966667 0.383796 0.0197917 0.0416667
3 0.53724 0.273611 0.0192708 0.187963
3 0.346094 0.285185 0.0171875 0.17037
2 0.440625 0.275926 0.213542 0.177778
