6 0.961719 0.336111 0.0348958 0.0740741
1 0.940104 0.359722 0.0104167 0.0194444
3 0.278646 0.295833 0.015625 0.0990741
7 0.18724 0.318981 0.0223958 0.0675926
7 0.296094 0.290741 0.0234375 0.0925926
1 0.979948 0.371759 0.0119792 0.0194444
0 0.608854 0.3 0.0208333 0.0481481
7 0.488281 0.275926 0.0286458 0.153704
7 0.426562 0.275 0.0239583 0.0962963
3 0.208594 0.307407 0.0119792 0.101852
7 0.211719 0.302778 0.0171875 0.0981481
0 0.436458 0.312037 0.0395833 0.0907407
6 0.239323 0.335185 0.0223958 0.037037
7 0.279167 0.292593 0.025 0.1
6 0.835677 0.318981 0.0328125 0.0657407
1 0.87526 0.383796 0.0265625 0.0527778
2 0.245573 0.318981 0.0817708 0.0731481
7 0.533333 0.225926 0.0552083 0.268519
7 0.883594 0.243056 0.0817708 0.362037
