12 0.0528646 0.486574 0.105729 0.0805556
7 0.00755208 0.338889 0.0151042 0.137037
7 0.0919271 0.3375 0.0223958 0.0861111
7 0.0255208 0.337037 0.021875 0.135185
7 0.753906 0.263426 0.0359375 0.173148
1 0.0596354 0.394907 0.0130208 0.0212963
7 0.0523437 0.325 0.0265625 0.142593
3 0.970573 0.327315 0.0078125 0.0805556
2 0.984115 0.335185 0.0296875 0.0925926
0 0.807813 0.319907 0.0572917 0.125
0 0.153646 0.374074 0.0927083 0.253704
0 0.701563 0.334259 0.0895833 0.198148
7 0.464323 0.241667 0.102604 0.305556
0 0.357031 0.31713 0.0848958 0.239815
