7 0.845833 0.320833 0.0197917 0.0583333
0 0.183854 0.342593 0.0197917 0.037037
7 0.184375 0.306481 0.0208333 0.101852
6 0.184375 0.343056 0.0197917 0.0361111
4 0.266667 0.296296 0.00625 0.0148148
0 0.770312 0.314815 0.03125 0.0666667
1 0.834375 0.343981 0.0114583 0.0194444
6 0.904948 0.339352 0.0296875 0.0601852
0 0.931771 0.347685 0.0291667 0.0583333
7 0.458594 0.27037 0.0265625 0.116667
7 0.785156 0.26713 0.0192708 0.037963
7 0.202344 0.307407 0.0213542 0.0981481
0 0.457031 0.310185 0.0223958 0.0555556
6 0.769531 0.316204 0.0307292 0.0638889
0 0.50651 0.311574 0.0421875 0.0694444
7 0.589063 0.262963 0.021875 0.137037
3 0.238542 0.316667 0.00729167 0.0592593
7 0.74375 0.272685 0.0322917 0.126852
6 0.272135 0.335185 0.0338542 0.0611111
7 0.702344 0.268981 0.0328125 0.130556
1 0.881771 0.35463 0.0125 0.0222222
2 0.214583 0.32037 0.0572917 0.0648148
7 0.123698 0.315741 0.0317708 0.133333
