6 0.822396 0.337037 0.06875 0.15
7 0.785937 0.217593 0.059375 0.233333
12 0.0226563 0.458796 0.0453125 0.0472222
7 0.0369792 0.325926 0.03125 0.172222
0 0.904948 0.330556 0.0723958 0.127778
6 0.897917 0.335185 0.065625 0.114815
4 0.841406 0.25787 0.0130208 0.0287037
7 0.795833 0.16713 0.0427083 0.136111
7 0.771354 0.164815 0.0395833 0.12963
6 0.273438 0.381481 0.0833333 0.131481
0 0.822135 0.334722 0.0671875 0.150926
0 0.272656 0.365278 0.0838542 0.163889
1 0.960938 0.375 0.0145833 0.0240741
7 0.0572917 0.320833 0.034375 0.175
7 0.666146 0.163889 0.0489583 0.0907407
7 0.70625 0.171759 0.0385417 0.106481
0 0.968229 0.339352 0.0354167 0.0916667
7 0.171875 0.254167 0.125 0.430556
0 0.653646 0.32037 0.0770833 0.198148
7 0.929427 0.263426 0.0526042 0.247222
