7 0.973437 0.335648 0.0229167 0.0861111
0 0.85599 0.331019 0.0286458 0.0583333
7 0.740365 0.262963 0.0213542 0.0777778
0 0.746354 0.312037 0.0229167 0.05
7 0.766146 0.261574 0.0197917 0.075
6 0.853646 0.331481 0.0260417 0.0537037
1 0.755208 0.335648 0.0114583 0.0212963
0 0.388802 0.309722 0.0192708 0.0472222
7 0.00807292 0.351852 0.0161458 0.12963
7 0.123698 0.32963 0.0171875 0.0740741
7 0.594531 0.27963 0.0255208 0.109259
0 0.36849 0.313426 0.0234375 0.0601852
6 0.0434896 0.384259 0.0171875 0.037037
2 0.0677083 0.363889 0.0635417 0.0611111
1 0.80625 0.343056 0.0125 0.0212963
0 0.683594 0.308333 0.0296875 0.0685185
7 0.65026 0.265278 0.0286458 0.152778
7 0.420833 0.278241 0.021875 0.10463
0 0.152865 0.356481 0.0401042 0.0851852
7 0.0927083 0.323148 0.0229167 0.12037
7 0.053125 0.336574 0.028125 0.130556
7 0.255469 0.283333 0.0286458 0.151852
7 0.29349 0.265278 0.0338542 0.189815
7 0.547396 0.273148 0.0395833 0.138889
