6 0.965625 0.358333 0.0260417 0.0555556
7 0.889063 0.33287 0.0260417 0.0842593
0 0.889844 0.33287 0.0234375 0.0787037
6 0.166406 0.335648 0.0192708 0.0453704
0 0.821875 0.319907 0.0333333 0.0768519
1 0.86901 0.355093 0.0140625 0.025
3 0.19974 0.322222 0.00572917 0.0611111
6 0.746615 0.312037 0.0432292 0.103704
6 0.822135 0.319907 0.0317708 0.075
7 0.717969 0.268981 0.0255208 0.130556
3 0.263021 0.3125 0.00729167 0.062037
7 0.0908854 0.308796 0.0317708 0.176852
1 0.909375 0.362963 0.0135417 0.0240741
0 0.611458 0.313426 0.0614583 0.139815
1 0.0914062 0.388889 0.0161458 0.0259259
7 0.138021 0.306944 0.028125 0.156481
0 0.357031 0.315741 0.0317708 0.0759259
2 0.230729 0.32037 0.0697917 0.062963
