7 0.578385 0.263889 0.0432292 0.168519
0 0.636198 0.310648 0.0453125 0.0990741
7 0.543229 0.24213 0.0322917 0.10463
7 0.389583 0.292593 0.0197917 0.0740741
6 0.554948 0.32037 0.0505208 0.0981481
7 0.63724 0.309259 0.0442708 0.1
7 0.334635 0.281481 0.0182292 0.0981481
7 0.24974 0.294444 0.0213542 0.12037
7 0.801562 0.273611 0.0333333 0.132407
1 0.334375 0.339352 0.0114583 0.0175926
7 0.284896 0.287963 0.01875 0.114815
7 0.858854 0.2875 0.0239583 0.123148
7 0.426302 0.275926 0.0223958 0.0851852
7 0.266406 0.292593 0.0213542 0.118519
7 0.315365 0.284259 0.0213542 0.107407
7 0.729948 0.250463 0.0328125 0.213889
7 0.23151 0.294444 0.0255208 0.124074
0 0.922656 0.350926 0.0463542 0.12037
