7 0.942969 0.334722 0.0213542 0.0972222
7 0.951042 0.337037 0.01875 0.0962963
7 0.91224 0.315741 0.0255208 0.0796296
0 0.880729 0.340741 0.03125 0.0703704
0 0.752083 0.324537 0.0302083 0.0583333
0 0.7875 0.324537 0.0260417 0.0583333
6 0.915104 0.350463 0.0322917 0.062037
7 0.322135 0.315741 0.0203125 0.0537037
6 0.0114583 0.4 0.021875 0.138889
7 0.0106771 0.374537 0.0203125 0.128704
4 0.00494792 0.338426 0.00885417 0.0287037
6 0.0861979 0.372222 0.0296875 0.0666667
6 0.881771 0.338426 0.0322917 0.075
0 0.322135 0.31713 0.0213542 0.0509259
3 0.0723958 0.357407 0.00833333 0.0703704
0 0.915885 0.352315 0.0338542 0.0657407
0 0.716927 0.314815 0.0317708 0.0703704
7 0.353125 0.287037 0.025 0.0962963
4 0.0833333 0.339815 0.009375 0.0203704
0 0.660677 0.307407 0.0244792 0.0574074
7 0.58151 0.267593 0.0317708 0.125926
6 0.569792 0.308333 0.0322917 0.0666667
7 0.860937 0.2875 0.03125 0.147222
7 0.746615 0.261111 0.0286458 0.131481
2 0.0458333 0.365278 0.0583333 0.0768519
7 0.106771 0.325926 0.028125 0.151852
7 0.608854 0.263889 0.0302083 0.157407
1 0.641927 0.333796 0.0130208 0.0212963
0 0.207031 0.334722 0.0223958 0.0601852
1 0.69375 0.336111 0.0135417 0.0240741
7 0.533594 0.262963 0.0328125 0.15
