7 0.985156 0.320833 0.0265625 0.0675926
0 0.540885 0.299074 0.0557292 0.155556
7 0.589583 0.267593 0.0333333 0.112963
7 0.746615 0.274074 0.0213542 0.109259
0 0.3 0.309259 0.11875 0.264815
7 0.619792 0.167593 0.03125 0.0722222
7 0.584115 0.162963 0.0317708 0.0666667
1 0.870573 0.346296 0.0119792 0.0185185
6 0.219271 0.35463 0.265625 0.407407
7 0.541146 0.289815 0.05625 0.185185
6 0.297135 0.307407 0.123438 0.264815
0 0.974479 0.366204 0.0447917 0.117593
0 0.77474 0.33287 0.0765625 0.176852
7 0.711198 0.276389 0.0223958 0.106481
3 0.884635 0.310648 0.00989583 0.10463
4 0.248698 0.222685 0.0203125 0.0546296
0 0.484896 0.3 0.0364583 0.111111
1 0.457812 0.358796 0.0260417 0.0453704
0 0.4125 0.305093 0.065625 0.147222
2 0.839583 0.305093 0.0989583 0.110185
