7 0.265885 0.30463 0.0234375 0.0944444
6 0.491406 0.315741 0.0244792 0.0444444
6 0.336719 0.318981 0.0317708 0.0675926
7 0.0565104 0.334722 0.0213542 0.10463
7 0.0427083 0.335185 0.0229167 0.112963
1 0.45 0.330093 0.0125 0.0194444
7 0.210677 0.302778 0.0255208 0.12037
7 0.299219 0.283333 0.0307292 0.137037
1 0.402083 0.334722 0.0114583 0.0175926
0 0.336719 0.318981 0.0317708 0.0694444
7 0.0864583 0.337963 0.0208333 0.0981481
7 0.602865 0.278704 0.0348958 0.133333
0 0.0408854 0.381019 0.0223958 0.0583333
7 0.534635 0.271759 0.0255208 0.121296
3 0.960938 0.312037 0.0197917 0.198148
3 0.80625 0.297222 0.0145833 0.157407
2 0.888542 0.316667 0.180208 0.190741
