7 0.880729 0.269907 0.0177083 0.0287037
0 0.911198 0.339815 0.0296875 0.0777778
0 0.554948 0.306481 0.0213542 0.05
0 0.810677 0.325926 0.0369792 0.0833333
6 0.994531 0.369907 0.0109375 0.0787037
0 0.25026 0.338889 0.0359375 0.0666667
4 0.971094 0.317593 0.0109375 0.0222222
6 0.972917 0.361574 0.0333333 0.0768519
7 0.193229 0.316204 0.0177083 0.0953704
7 0.263281 0.3 0.0213542 0.0981481
1 0.886719 0.364815 0.0161458 0.0259259
7 0.850521 0.293519 0.025 0.12963
0 0.726823 0.314815 0.0484375 0.0981481
7 0.205208 0.309722 0.021875 0.102778
6 0.249479 0.341204 0.034375 0.0694444
7 0.758594 0.277315 0.0494792 0.173148
7 0.494271 0.278704 0.0260417 0.114815
7 0.425 0.274074 0.03125 0.140741
6 0.811719 0.326389 0.0369792 0.0824074
7 0.395833 0.277315 0.028125 0.14537
7 0.951823 0.273611 0.0463542 0.215741
1 0.941927 0.376852 0.0171875 0.0314815
7 0.232031 0.306481 0.0234375 0.105556
7 0.681771 0.252778 0.0375 0.209259
7 0.16901 0.319907 0.0213542 0.0990741
