0 0.975 0.735648 0.05 0.399074
7 0.155469 0.341667 0.0161458 0.0592593
7 0.0299479 0.364352 0.0234375 0.119444
12 0.950781 0.51713 0.0984375 0.126852
7 0.965365 0.271296 0.0692708 0.3
7 0.696094 0.141204 0.0609375 0.269444
7 0.967708 0.19537 0.0625 0.151852
7 0.140365 0.341204 0.0161458 0.0675926
3 0.260417 0.319444 0.00729167 0.0648148
0 0.108854 0.365278 0.0208333 0.0583333
3 0.198698 0.330556 0.0078125 0.062963
7 0.611979 0.12963 0.071875 0.231481
6 0.0554687 0.387963 0.0223958 0.0518519
1 0.566927 0.484259 0.0838542 0.137037
2 0.229687 0.326852 0.06875 0.062963
0 0.573438 0.30463 0.146875 0.322222
7 0.43151 0.285185 0.168229 0.35
1 0.667708 0.76713 0.195833 0.347222
7 0.71901 0.251389 0.202604 0.493519
