0 0.817969 0.317593 0.0234375 0.0759259
0 0.766146 0.320833 0.0333333 0.062037
7 0.98125 0.333796 0.0197917 0.0861111
7 0.178125 0.325463 0.0239583 0.0768519
1 0.917708 0.360648 0.0104167 0.0175926
6 0.172656 0.347222 0.0213542 0.0407407
7 0.933594 0.31713 0.0276042 0.102778
7 0.399479 0.283796 0.0197917 0.10463
7 0.232812 0.304167 0.01875 0.0990741
7 0.727083 0.291204 0.0166667 0.0842593
7 0.792448 0.281481 0.0234375 0.142593
7 0.416667 0.284259 0.028125 0.161111
7 0.184375 0.315278 0.0197917 0.100926
7 0.751042 0.292593 0.0229167 0.0888889
2 0.18151 0.326852 0.0744792 0.0796296
7 0.151302 0.315741 0.0192708 0.111111
7 0.122917 0.334259 0.01875 0.0777778
1 0.860417 0.381944 0.021875 0.0398148
7 0.215885 0.305093 0.0203125 0.108333
6 0.364844 0.331481 0.0369792 0.0703704
7 0.838281 0.249074 0.0421875 0.307407
7 0.465104 0.229167 0.0510417 0.263889
