7 0.427083 0.283333 0.01875 0.0833333
6 0.539583 0.311574 0.0322917 0.0675926
0 0.70026 0.334259 0.0661458 0.135185
0 0.404687 0.319907 0.021875 0.0416667
7 0.448177 0.284259 0.0203125 0.0851852
7 0.468229 0.285185 0.0239583 0.087037
7 0.395312 0.291204 0.015625 0.0787037
7 0.73776 0.270833 0.0265625 0.125
7 0.938802 0.306481 0.0244792 0.118519
6 0.698698 0.333796 0.0630208 0.139815
0 0.539062 0.310185 0.0322917 0.0703704
7 0.513802 0.280093 0.0255208 0.106481
7 0.85625 0.290741 0.0197917 0.116667
7 0.021875 0.33287 0.04375 0.230556
