0 0.809375 0.324537 0.025 0.0916667
8 0.506771 0.325463 0.0166667 0.0324074
0 0.761458 0.314815 0.0229167 0.0481481
7 0.354688 0.292593 0.0208333 0.0722222
6 0.760938 0.313426 0.0239583 0.0490741
7 0.483333 0.262963 0.021875 0.0814815
0 0.925521 0.342593 0.0229167 0.0537037
7 0.367448 0.289352 0.0213542 0.0768519
1 0.884375 0.36713 0.0145833 0.0287037
7 0.332812 0.286574 0.0197917 0.0916667
7 0.313021 0.287963 0.021875 0.0962963
7 0.891667 0.264815 0.0416667 0.235185
7 0.527604 0.265741 0.0479167 0.161111
7 0.824479 0.230556 0.0666667 0.338889
