0 0.50625 0.307407 0.028125 0.0685185
6 0.507031 0.310648 0.0296875 0.0638889
1 0.784896 0.336111 0.00833333 0.0148148
0 0.415625 0.318981 0.0208333 0.0805556
1 0.916927 0.355093 0.0119792 0.0175926
0 0.459115 0.309722 0.0265625 0.0712963
3 0.7 0.298148 0.0114583 0.0944444
7 0.566667 0.275926 0.0208333 0.101852
0 0.351823 0.316204 0.0442708 0.128704
3 0.791927 0.305556 0.00885417 0.0814815
7 0.271354 0.228241 0.0520833 0.284259
7 0.54375 0.278704 0.0229167 0.101852
7 0.0505208 0.4 0.101042 0.783333
1 0.408333 0.348611 0.0166667 0.0287037
1 0.43125 0.343981 0.015625 0.0268519
7 0.395312 0.262037 0.04375 0.203704
2 0.745313 0.303241 0.102083 0.087963
