7 0.6625 0.22963 0.028125 0.105556
0 0.760677 0.306944 0.0473958 0.0768519
0 0.779167 0.312037 0.0302083 0.0685185
7 0.25026 0.311111 0.0213542 0.0759259
7 0.415104 0.270833 0.0510417 0.150926
0 0.394792 0.326389 0.0541667 0.117593
7 0.201302 0.310648 0.0182292 0.0898148
0 0.493229 0.312963 0.04375 0.111111
7 0.22526 0.3 0.0223958 0.107407
7 0.941406 0.253241 0.0515625 0.286111
7 0.175521 0.315741 0.0177083 0.0962963
7 0.839323 0.227315 0.0463542 0.34537
7 0.546354 0.244907 0.040625 0.223148
0 0.66849 0.322685 0.0453125 0.102778
7 0.879948 0.214815 0.0796875 0.42963
