12 0.0322917 0.415278 0.0645833 0.037963
7 0.0346354 0.3625 0.0171875 0.0601852
7 0.309375 0.296296 0.0166667 0.087037
7 0.851823 0.302778 0.0140625 0.0703704
7 0.257292 0.301389 0.01875 0.0842593
7 0.29349 0.291667 0.0182292 0.0944444
0 0.404687 0.311111 0.0208333 0.0407407
6 0.405208 0.309722 0.0208333 0.0398148
7 0.569792 0.246759 0.0375 0.202778
1 0.485417 0.327315 0.0135417 0.0231481
0 0.446354 0.311574 0.0270833 0.062037
0 0.938802 0.3375 0.0255208 0.0638889
7 0.534375 0.256019 0.028125 0.162037
