7 0.30599 0.290278 0.0244792 0.117593
1 0.892969 0.347685 0.0130208 0.0231481
7 0.253906 0.3 0.0182292 0.0925926
7 0.0421875 0.335185 0.028125 0.146296
7 0.827604 0.226852 0.0364583 0.101852
1 0.103385 0.387963 0.0140625 0.0296296
7 0.225 0.315741 0.021875 0.087037
0 0.859375 0.320833 0.0302083 0.0787037
6 0.826302 0.306019 0.0546875 0.112037
7 0.0138021 0.339352 0.0255208 0.139815
7 0.903385 0.271296 0.0317708 0.190741
7 0.122135 0.309722 0.0317708 0.141667
7 0.410417 0.126852 0.034375 0.087037
7 0.772135 0.252315 0.0432292 0.212037
0 0.0872396 0.411574 0.111979 0.321296
7 0.697396 0.241667 0.132292 0.377778
