6 0.20625 0.347222 0.0145833 0.0277778
7 0.223958 0.330093 0.0197917 0.0546296
6 0.764063 0.318519 0.147917 0.248148
1 0.0914062 0.385185 0.0119792 0.0222222
7 0.205208 0.324537 0.0177083 0.0638889
0 0.547396 0.305556 0.028125 0.0685185
6 0.125521 0.368981 0.025 0.0490741
7 0.832552 0.215741 0.0682292 0.305556
3 0.33151 0.309722 0.0078125 0.062037
0 0.761979 0.316204 0.147917 0.260185
0 0.18125 0.346296 0.0229167 0.0592593
3 0.264323 0.316204 0.0078125 0.0638889
1 0.896354 0.475 0.059375 0.116667
7 0.941146 0.235185 0.0916667 0.438889
2 0.298177 0.313889 0.0744792 0.0666667
