7 0.122917 0.321759 0.0208333 0.0916667
7 0.16901 0.318519 0.0182292 0.0740741
7 0.0760417 0.316204 0.0260417 0.121296
7 0.55599 0.275926 0.0203125 0.101852
2 0.0401042 0.362037 0.0395833 0.0574074
0 0.64349 0.304167 0.0255208 0.0564815
7 0.140365 0.309259 0.0192708 0.109259
7 0.619271 0.268519 0.0302083 0.122222
0 0.761458 0.310185 0.0239583 0.0611111
7 0.107031 0.310185 0.0213542 0.127778
0 0.866406 0.328241 0.0234375 0.0564815
2 0.928385 0.324537 0.0880208 0.0787037
7 0.833333 0.244444 0.0572917 0.275926
7 0.459375 0.24213 0.0395833 0.215741
1 0.889063 0.368981 0.01875 0.0324074
