3 0.10651 0.328241 0.0171875 0.119444
3 0.897917 0.283796 0.0229167 0.173148
7 0.364323 0.2875 0.0234375 0.0916667
7 0.109375 0.317593 0.0229167 0.133333
0 0.510677 0.32037 0.0557292 0.133333
7 0.3375 0.288426 0.0229167 0.0898148
3 0.0328125 0.363426 0.0125 0.0916667
7 0.0138021 0.348148 0.0276042 0.140741
6 0.947656 0.401389 0.104687 0.419444
7 0.155469 0.291204 0.0505208 0.237963
0 0.704167 0.328241 0.103125 0.265741
4 0.967969 0.171296 0.0515625 0.0981481
2 0.0692708 0.35463 0.0822917 0.105556
