6 0.738021 0.308796 0.0302083 0.0601852
0 0.867969 0.318519 0.0192708 0.0555556
1 0.811719 0.32963 0.0130208 0.0185185
0 0.908073 0.326852 0.0255208 0.0574074
7 0.941927 0.305093 0.0192708 0.0861111
7 0.276042 0.273611 0.0364583 0.106481
6 0.708333 0.315278 0.0302083 0.0564815
7 0.234635 0.307407 0.0171875 0.0814815
0 0.738021 0.306019 0.03125 0.0694444
7 0.158594 0.325463 0.0151042 0.0675926
7 0.222917 0.307407 0.0166667 0.0814815
0 0.208073 0.351389 0.0307292 0.0712963
0 0.294792 0.325926 0.0416667 0.0944444
0 0.392969 0.313426 0.0484375 0.123148
7 0.345833 0.225 0.0895833 0.448148
7 0.432813 0.207407 0.078125 0.412963
