7 0.58125 0.28287 0.0385417 0.102778
4 0.963281 0.293519 0.0192708 0.0462963
7 0.550521 0.311111 0.0302083 0.0648148
0 0.196875 0.347222 0.03125 0.0703704
7 0.242969 0.313426 0.0192708 0.0824074
0 0.967708 0.371759 0.0614583 0.14537
0 0.548958 0.309259 0.0291667 0.0648148
6 0.744531 0.318981 0.0598958 0.113889
3 0.329948 0.310648 0.00677083 0.0564815
1 0.559896 0.330556 0.0135417 0.0222222
6 0.197135 0.347685 0.0307292 0.0657407
7 0.728906 0.252315 0.0682292 0.215741
3 0.266406 0.318519 0.00677083 0.0574074
0 0.447917 0.313889 0.028125 0.0648148
7 0.801562 0.240741 0.0416667 0.238889
1 0.888021 0.399537 0.0260417 0.0583333
1 0.819271 0.375926 0.0239583 0.0425926
6 0.492708 0.318056 0.046875 0.0916667
7 0.911458 0.237037 0.0645833 0.459259
2 0.296875 0.31713 0.0697917 0.0601852
