3 0.793229 0.297222 0.009375 0.0703704
7 0.869271 0.305556 0.0239583 0.101852
0 0.81849 0.330556 0.0401042 0.103704
7 0.0835937 0.327315 0.0213542 0.106481
7 0.477865 0.287963 0.0203125 0.0851852
2 0.775781 0.306481 0.0869792 0.0722222
7 0.300521 0.265741 0.0375 0.12037
0 0.889063 0.3375 0.028125 0.0546296
12 0.130208 0.441667 0.260417 0.137037
6 0.889583 0.3375 0.028125 0.0527778
0 0.317448 0.327315 0.0588542 0.121296
0 0.384375 0.316667 0.0427083 0.103704
0 0.538802 0.312963 0.0421875 0.0944444
7 0.396354 0.245833 0.0416667 0.193519
7 0.0140625 0.343519 0.0260417 0.116667
7 0.803646 0.228704 0.0541667 0.325926
7 0.695312 0.2375 0.0395833 0.241667
7 0.742448 0.231944 0.0536458 0.284259
