4 0.178646 0.324537 0.0104167 0.0231481
7 0.967188 0.335185 0.0291667 0.144444
4 0.404948 0.273611 0.0119792 0.0194444
0 0.534115 0.312037 0.0244792 0.0574074
0 0.711979 0.316204 0.05625 0.123148
0 0.403385 0.324537 0.0442708 0.0898148
7 0.70026 0.236574 0.0546875 0.260185
3 0.248698 0.323611 0.00677083 0.062037
7 0.96849 0.254167 0.0630208 0.475
6 0.714583 0.325926 0.0520833 0.103704
7 0.907292 0.316667 0.0291667 0.133333
4 0.945312 0.296296 0.0177083 0.0425926
7 0.561458 0.273148 0.0375 0.127778
3 0.310677 0.312963 0.00677083 0.0574074
0 0.43099 0.315278 0.0244792 0.0657407
7 0.230208 0.308333 0.028125 0.0981481
6 0.403125 0.326389 0.04375 0.087963
7 0.777344 0.271759 0.0442708 0.173148
7 0.496354 0.286574 0.0177083 0.0990741
1 0.796875 0.375 0.0260417 0.0425926
6 0.180208 0.358796 0.0270833 0.0509259
7 0.633594 0.240278 0.0432292 0.223148
1 0.867448 0.397222 0.0296875 0.0555556
2 0.278906 0.319444 0.0661458 0.0611111
