0 0.37526 0.325 0.0369792 0.0833333
7 0.623177 0.26713 0.0296875 0.0953704
0 0.877604 0.327315 0.0239583 0.0546296
4 0.126823 0.3375 0.0109375 0.0194444
1 0.33151 0.342593 0.00989583 0.0166667
7 0.470833 0.274074 0.0197917 0.107407
7 0.694531 0.291667 0.0223958 0.0777778
1 0.830208 0.340278 0.0114583 0.0175926
7 0.941667 0.305556 0.0197917 0.1
0 0.901823 0.335185 0.0244792 0.0462963
7 0.528125 0.279167 0.0208333 0.0990741
1 0.870573 0.345833 0.0119792 0.0194444
7 0.496615 0.273148 0.0203125 0.0981481
7 0.991406 0.311574 0.0161458 0.126852
0 0.4875 0.311111 0.025 0.0518519
0 0.77474 0.315278 0.0276042 0.0564815
3 0.0911458 0.350463 0.00833333 0.075
2 0.120833 0.350463 0.0666667 0.0805556
7 0.330729 0.285648 0.0270833 0.130556
6 0.614844 0.319907 0.0359375 0.0527778
6 0.376042 0.331019 0.0385417 0.075
7 0.207552 0.305093 0.0223958 0.132407
7 0.145573 0.290741 0.0463542 0.22037
