7 0.958854 0.340278 0.01875 0.075
7 0.307552 0.323148 0.0192708 0.05
7 0.903125 0.325 0.015625 0.0685185
6 0.269271 0.332407 0.0177083 0.0462963
0 0.807813 0.325926 0.0302083 0.0537037
1 0.765104 0.337037 0.0125 0.0240741
0 0.307813 0.323148 0.0208333 0.0537037
0 0.0942708 0.377315 0.04375 0.108333
7 0.342448 0.296759 0.0223958 0.0953704
1 0.715365 0.334259 0.0119792 0.0222222
7 0.0729167 0.316204 0.0260417 0.171296
7 0.676823 0.27037 0.0265625 0.148148
0 0.20026 0.342593 0.0265625 0.0666667
4 0.589323 0.13287 0.0515625 0.0935185
6 0.56875 0.362037 0.214583 0.387037
