0 0.4625 0.306481 0.0239583 0.0537037
7 0.445312 0.281019 0.0208333 0.0898148
7 0.398958 0.288426 0.0166667 0.0824074
7 0.40599 0.283796 0.0182292 0.0861111
0 0.700781 0.331481 0.0692708 0.142593
0 0.989062 0.34537 0.01875 0.0537037
7 0.42526 0.28287 0.0182292 0.0861111
7 0.466146 0.285185 0.0229167 0.0888889
0 0.403125 0.317593 0.0208333 0.0462963
7 0.735156 0.271296 0.0265625 0.122222
7 0.386979 0.283796 0.015625 0.0787037
6 0.538281 0.314352 0.0328125 0.0638889
6 0.699479 0.331944 0.0697917 0.141667
0 0.538021 0.312037 0.03125 0.0666667
7 0.972917 0.303704 0.0260417 0.161111
7 0.51276 0.278241 0.0255208 0.10463
7 0.0200521 0.334722 0.0401042 0.232407
