2 0.497135 0.291667 0.0776042 0.0703704
3 0.0335938 0.371759 0.0140625 0.0916667
0 0.480208 0.313426 0.0322917 0.0731481
6 0.986458 0.380093 0.0270833 0.100926
6 0.479427 0.313889 0.0307292 0.0703704
4 0.678385 0.306019 0.0182292 0.0324074
7 0.0489583 0.331944 0.034375 0.160185
3 0.113281 0.341204 0.0109375 0.0935185
0 0.695312 0.339352 0.0708333 0.152778
6 0.695312 0.339815 0.0677083 0.151852
7 0.0138021 0.330093 0.0276042 0.265741
0 0.53151 0.309259 0.0348958 0.087037
7 0.596875 0.256019 0.05 0.186111
0 0.415625 0.315278 0.04375 0.119444
2 0.0695312 0.356944 0.0963542 0.112037
