0 0.688802 0.307407 0.0223958 0.0574074
7 0.572656 0.288889 0.0255208 0.0925926
2 0.00598958 0.371296 0.00989583 0.0833333
0 0.884115 0.338889 0.0234375 0.0481481
7 0.95625 0.3375 0.01875 0.0787037
6 0.946875 0.353241 0.0260417 0.0509259
3 0.00598958 0.370833 0.0078125 0.0824074
1 0.763021 0.335185 0.0135417 0.0240741
7 0.901302 0.324537 0.0161458 0.0694444
6 0.80651 0.324537 0.0286458 0.0546296
0 0.113021 0.359259 0.040625 0.12963
1 0.713281 0.333333 0.0130208 0.0203704
0 0.642448 0.30463 0.0338542 0.0740741
0 0.26901 0.328241 0.0255208 0.0657407
6 0.399479 0.321759 0.0395833 0.0768519
7 0.495833 0.265741 0.0270833 0.131481
7 0.424479 0.263889 0.0270833 0.146296
7 0.327604 0.274537 0.0302083 0.15463
7 0.608594 0.25787 0.0401042 0.165741
7 0.285417 0.275 0.03125 0.168519
