6 0.758594 0.313426 0.0286458 0.062037
7 0.0541667 0.339815 0.0197917 0.127778
0 0.778125 0.310185 0.0208333 0.0537037
6 0.314323 0.325463 0.0421875 0.108333
7 0.215625 0.305556 0.0177083 0.0925926
7 0.401823 0.261574 0.0276042 0.169444
1 0.816667 0.335648 0.0104167 0.0157407
3 0.119531 0.344907 0.00989583 0.0712963
7 0.139583 0.318519 0.025 0.101852
7 0.0986979 0.321296 0.0296875 0.127778
0 0.758854 0.310185 0.0291667 0.0648148
7 0.367448 0.287963 0.0380208 0.157407
2 0.0851562 0.351852 0.0796875 0.0851852
7 0.0671875 0.335648 0.025 0.137963
7 0.735937 0.270833 0.0291667 0.128704
0 0.313802 0.325 0.0421875 0.107407
7 0.857813 0.243981 0.0604167 0.276852
7 0.430469 0.221296 0.0557292 0.311111
