4 0.8125 0.312037 0.015625 0.0314815
6 0.747917 0.336111 0.071875 0.15
7 0.802083 0.104167 0.0666667 0.187963
7 0.874479 0.1125 0.0864583 0.189815
4 0.784635 0.230093 0.0151042 0.0416667
6 0.114063 0.37037 0.0291667 0.0611111
7 0.979427 0.27037 0.0411458 0.414815
1 0.0822917 0.39537 0.0145833 0.0259259
6 0.860156 0.325 0.118229 0.322222
7 0.942708 0.210648 0.0645833 0.417593
3 0.332292 0.306019 0.009375 0.0694444
0 0.172656 0.348611 0.0255208 0.0657407
0 0.860156 0.326852 0.120312 0.325926
1 0.939583 0.514815 0.065625 0.133333
3 0.263542 0.315278 0.009375 0.0675926
7 0.546875 0.264352 0.040625 0.173148
2 0.297396 0.3125 0.078125 0.0712963
7 0.221094 0.231019 0.0963542 0.456481
