0 0.976823 0.355093 0.0234375 0.0601852
6 0.839063 0.322685 0.0302083 0.0657407
6 0.94349 0.346296 0.0276042 0.0592593
0 0.944792 0.348148 0.0260417 0.0574074
0 0.00416667 0.397222 0.00833333 0.0555556
1 0.883073 0.353241 0.0130208 0.0231481
0 0.904688 0.335185 0.0239583 0.062963
0 0.839323 0.320833 0.0286458 0.0675926
2 0.261458 0.313889 0.0760417 0.0740741
3 0.229427 0.315741 0.00677083 0.0611111
6 0.766146 0.319907 0.0385417 0.0824074
7 0.272917 0.23287 0.0552083 0.293519
1 0.922396 0.359722 0.0135417 0.0212963
1 0.392188 0.334259 0.0125 0.0222222
0 0.308073 0.318519 0.0265625 0.0703704
0 0.634635 0.318981 0.0557292 0.121296
7 0.43151 0.260185 0.0369792 0.172222
7 0.364323 0.264352 0.0307292 0.169444
