0 0.85625 0.330093 0.0208333 0.0453704
7 0.411198 0.285648 0.0161458 0.0805556
0 0.923177 0.33287 0.0276042 0.0694444
6 0.0114583 0.416204 0.0229167 0.110185
6 0.774219 0.324074 0.0296875 0.0555556
0 0.0114583 0.41713 0.0229167 0.112037
7 0.417969 0.284259 0.0192708 0.0814815
0 0.74349 0.311111 0.0307292 0.062963
7 0.560677 0.273148 0.0244792 0.12037
3 0.0614583 0.354167 0.0104167 0.0842593
0 0.818229 0.331944 0.0385417 0.087963
1 0.395833 0.345833 0.0166667 0.0287037
0 0.251823 0.328241 0.0244792 0.0712963
2 0.0333333 0.363426 0.0635417 0.0953704
7 0.958333 0.243519 0.0729167 0.388889
