1 0.753125 0.331944 0.0104167 0.0175926
6 0.660156 0.308333 0.0255208 0.0611111
6 0.823438 0.325926 0.0260417 0.0444444
6 0.685156 0.30463 0.0317708 0.0685185
7 0.895052 0.324074 0.0171875 0.0666667
6 0.977344 0.394907 0.0453125 0.180556
1 0.795313 0.335185 0.0125 0.0185185
7 0.367708 0.293981 0.021875 0.0953704
7 0.655469 0.265741 0.0328125 0.12963
0 0.233854 0.3375 0.028125 0.0787037
7 0.335156 0.295833 0.0276042 0.087963
6 0.203385 0.365278 0.0630208 0.134259
7 0.619792 0.269907 0.0322917 0.132407
0 0.202865 0.360648 0.0630208 0.150926
7 0.0763021 0.320833 0.0328125 0.197222
1 0.00859375 0.464352 0.0171875 0.0731481
7 0.716406 0.262037 0.0338542 0.159259
