7 0.288281 0.293519 0.0151042 0.0833333
0 0.747396 0.308796 0.0239583 0.0472222
7 0.509896 0.25787 0.246875 0.502778
2 0.0109375 0.356481 0.021875 0.231481
7 0.369792 0.2875 0.01875 0.0787037
7 0.346615 0.290278 0.0171875 0.0787037
3 0.0117188 0.359722 0.0203125 0.221296
0 0.891406 0.327315 0.0359375 0.0916667
7 0.326042 0.291667 0.0177083 0.0814815
6 0.621615 0.360648 0.0723958 0.230556
7 0.303125 0.293981 0.0177083 0.0824074
1 0.963802 0.376389 0.0161458 0.0305556
7 0.832292 0.272685 0.0375 0.189815
