0 0.935417 0.359722 0.0322917 0.0675926
0 0.651042 0.318056 0.0479167 0.115741
7 0.648698 0.247222 0.0338542 0.166667
7 0.0484375 0.335185 0.021875 0.138889
0 0.8375 0.33287 0.0364583 0.087963
6 0.650781 0.321759 0.0494792 0.108333
6 0.757812 0.316204 0.0364583 0.0842593
1 0.814323 0.35463 0.0140625 0.0240741
0 0.0132813 0.390278 0.0223958 0.0675926
7 0.0304688 0.331019 0.0348958 0.162037
0 0.757031 0.314352 0.0369792 0.0898148
1 0.861458 0.364815 0.0166667 0.0314815
3 0.19375 0.325 0.00625 0.0611111
0 0.273698 0.326852 0.0203125 0.0537037
3 0.130729 0.337037 0.00729167 0.0666667
1 0.0575521 0.397222 0.0151042 0.0259259
0 0.442187 0.321759 0.0739583 0.175
2 0.161979 0.331944 0.06875 0.0712963
