7 0.132031 0.308796 0.0171875 0.110185
7 0.204948 0.293981 0.0192708 0.113889
0 0.382552 0.314352 0.0484375 0.106481
7 0.758073 0.268519 0.0213542 0.122222
6 0.38151 0.318056 0.0463542 0.0990741
7 0.1625 0.303704 0.01875 0.105556
7 0.182552 0.298148 0.0192708 0.111111
7 0.15 0.303241 0.0197917 0.106481
0 0.46849 0.305093 0.0442708 0.0990741
7 0.227344 0.289815 0.0203125 0.112963
6 0.772396 0.312037 0.021875 0.05
7 0.428385 0.268519 0.0515625 0.124074
7 0.31849 0.258333 0.0380208 0.183333
0 0.734115 0.331481 0.0557292 0.124074
7 0.267969 0.282407 0.0244792 0.116667
7 0.529688 0.255093 0.0510417 0.186111
