6 0.34375 0.328241 0.0291667 0.0472222
7 0.186458 0.315278 0.0166667 0.0842593
3 0.884896 0.318519 0.00625 0.0592593
7 0.373177 0.296296 0.0338542 0.0814815
7 0.195833 0.311111 0.0166667 0.0851852
7 0.426302 0.288426 0.0223958 0.0916667
6 0.639844 0.311574 0.0380208 0.0935185
3 0.825781 0.313426 0.0078125 0.0564815
7 0.226302 0.308333 0.0203125 0.0814815
7 0.615885 0.234722 0.105729 0.465741
7 0.541667 0.221296 0.0916667 0.433333
7 0.75599 0.299537 0.163021 0.35463
2 0.854427 0.316204 0.0661458 0.0583333
