7 0.55026 0.24537 0.0192708 0.0666667
7 0.746354 0.309722 0.040625 0.113889
7 0.486458 0.309722 0.028125 0.0787037
7 0.526302 0.25 0.0223958 0.0425926
7 0.582031 0.271296 0.0192708 0.0592593
6 0.578906 0.320833 0.0369792 0.0712963
7 0.433854 0.253704 0.0354167 0.116667
0 0.510417 0.3125 0.0322917 0.0712963
0 0.579167 0.31713 0.034375 0.075
0 0.622135 0.318519 0.0369792 0.0796296
0 0.432552 0.311111 0.0380208 0.0944444
7 0.0460938 0.331944 0.0401042 0.162037
1 0.539062 0.342593 0.015625 0.0277778
1 0.476823 0.343056 0.0171875 0.0268519
7 0.361458 0.232407 0.1 0.303704
7 0.265625 0.265741 0.0510417 0.231481
