1 0.70651 0.32963 0.0109375 0.0166667
0 0.571354 0.306019 0.025 0.0564815
7 0.665365 0.275 0.0265625 0.111111
7 0.635156 0.284722 0.0223958 0.0916667
0 0.442969 0.313426 0.0338542 0.0824074
0 0.973698 0.343981 0.0411458 0.0805556
6 0.973958 0.341204 0.0427083 0.0861111
7 0.944271 0.288889 0.0291667 0.161111
7 0.915885 0.293056 0.0307292 0.141667
6 0.150781 0.352778 0.0286458 0.062963
7 0.150781 0.304167 0.0286458 0.134259
3 0.222135 0.32037 0.0078125 0.0796296
7 0.179948 0.30787 0.0317708 0.14537
0 0.600781 0.30787 0.0338542 0.0787037
2 0.189063 0.323611 0.0708333 0.0861111
0 0.363021 0.323611 0.0677083 0.163889
7 0.808854 0.263889 0.0416667 0.2
