0 0.558333 0.306944 0.0197917 0.0509259
0 0.673698 0.309259 0.0244792 0.0518519
7 0.109115 0.328704 0.0192708 0.0777778
7 0.546615 0.263426 0.0234375 0.110185
7 0.172135 0.326389 0.0171875 0.0657407
12 0.104167 0.427778 0.208333 0.103704
7 0.0523437 0.334259 0.0223958 0.114815
3 0.85026 0.313889 0.00885417 0.0648148
1 0.0286458 0.402778 0.0114583 0.0203704
7 0.0429688 0.341204 0.0255208 0.117593
6 0.674219 0.310648 0.0244792 0.0490741
7 0.0161458 0.333796 0.0291667 0.149074
2 0.817708 0.311574 0.075 0.0731481
0 0.957031 0.354167 0.0328125 0.087963
7 0.782031 0.258796 0.0442708 0.217593
1 0.836458 0.356481 0.0166667 0.0259259
7 0.491146 0.249537 0.0395833 0.225
