0 0.0429688 0.387037 0.0328125 0.0814815
7 0.336198 0.29213 0.0151042 0.075
7 0.0690104 0.34213 0.0234375 0.102778
4 0.87474 0.286111 0.0182292 0.0407407
1 0.954687 0.381019 0.0104167 0.0212963
7 0.171094 0.331944 0.0151042 0.0509259
0 0.634896 0.311111 0.0510417 0.118519
6 0.635156 0.312037 0.0484375 0.112963
7 0.927344 0.328241 0.0442708 0.162037
6 0.04375 0.385185 0.0322917 0.0814815
3 0.141146 0.339815 0.00729167 0.0574074
0 0.87526 0.350463 0.0536458 0.102778
6 0.876562 0.350463 0.0541667 0.106481
0 0.928646 0.342593 0.0510417 0.151852
7 0.0791667 0.338889 0.0208333 0.105556
7 0.407813 0.291204 0.0291667 0.112037
6 0.368229 0.327315 0.0395833 0.0787037
1 0.736458 0.361111 0.0239583 0.0388889
1 0.819531 0.378241 0.0244792 0.0435185
0 0.28724 0.328704 0.0276042 0.0722222
2 0.111458 0.348611 0.0645833 0.0731481
7 0.676042 0.247685 0.0447917 0.228704
7 0.595573 0.226852 0.0723958 0.296296
