0 0.0674479 0.36713 0.0223958 0.0546296
1 0.133333 0.334259 0.0135417 0.0277778
0 0.611198 0.313426 0.0307292 0.0601852
1 0.339844 0.333796 0.00989583 0.0157407
7 0.703906 0.2875 0.0192708 0.0935185
7 0.455729 0.266204 0.0239583 0.113889
3 0.32474 0.299537 0.0109375 0.0990741
7 0.727083 0.282407 0.0208333 0.087037
0 0.123177 0.366204 0.0338542 0.0787037
7 0.640625 0.297685 0.0322917 0.0916667
6 0.0408854 0.387037 0.0265625 0.0592593
7 0.949219 0.30787 0.0255208 0.126852
3 0.438802 0.290741 0.0119792 0.107407
1 0.821615 0.352315 0.0171875 0.0305556
1 0.702604 0.33287 0.0135417 0.0231481
2 0.38125 0.296296 0.125 0.109259
