7 0.189063 0.312963 0.015625 0.101852
7 0.752604 0.287037 0.0166667 0.0703704
7 0.767969 0.281944 0.0192708 0.075
7 0.129948 0.331944 0.0234375 0.0768519
0 0.516667 0.302315 0.0197917 0.0509259
0 0.366667 0.321296 0.0416667 0.0925926
0 0.792448 0.314352 0.0380208 0.0694444
6 0.792188 0.315278 0.0385417 0.0694444
0 0.552865 0.300926 0.0192708 0.0518519
0 0.986198 0.351389 0.0265625 0.0601852
7 0.958073 0.314352 0.0286458 0.112037
7 0.425781 0.268981 0.0348958 0.175
1 0.909115 0.35463 0.0109375 0.0185185
7 0.239063 0.298148 0.0197917 0.0981481
6 0.177344 0.347685 0.0223958 0.0435185
7 0.153385 0.3125 0.0203125 0.123148
7 0.219792 0.302778 0.0208333 0.109259
2 0.1875 0.328704 0.078125 0.0777778
1 0.936979 0.391667 0.0229167 0.0444444
6 0.366927 0.327315 0.0401042 0.0824074
7 0.870313 0.240278 0.0729167 0.326852
7 0.475 0.215278 0.0552083 0.291667
