0 0.864062 0.356019 0.0354167 0.134259
7 0.748177 0.230556 0.0432292 0.266667
0 0.404948 0.319444 0.0526042 0.1
3 0.227083 0.321759 0.00625 0.0583333
7 0.210417 0.309722 0.0270833 0.0916667
7 0.746354 0.162963 0.0375 0.12963
0 0.498958 0.30787 0.025 0.0527778
6 0.151823 0.358796 0.0296875 0.0564815
0 0.945573 0.36713 0.0651042 0.186111
3 0.288021 0.312963 0.00729167 0.0592593
7 0.520312 0.283333 0.0270833 0.1
6 0.655469 0.318981 0.0546875 0.110185
1 0.454427 0.334259 0.0140625 0.0240741
7 0.675781 0.256019 0.0526042 0.225
6 0.405208 0.318519 0.053125 0.1
1 0.732552 0.368056 0.0244792 0.0435185
1 0.795573 0.388426 0.0307292 0.0583333
7 0.882812 0.243519 0.0635417 0.474074
7 0.620313 0.250463 0.0583333 0.219444
2 0.256771 0.318981 0.0677083 0.0638889
