7 0.125521 0.318056 0.0208333 0.123148
0 0.0046875 0.419907 0.009375 0.163889
0 0.185417 0.350926 0.0239583 0.0481481
7 0.608073 0.273148 0.0182292 0.0796296
7 0.459896 0.277315 0.0177083 0.0768519
7 0.223958 0.29213 0.025 0.136111
7 0.802865 0.249074 0.0411458 0.168519
3 0.342187 0.299537 0.009375 0.0842593
7 0.153906 0.309259 0.0244792 0.131481
7 0.857292 0.272222 0.0479167 0.192593
0 0.781771 0.311111 0.0427083 0.111111
7 0.409375 0.27963 0.0229167 0.087037
3 0.25 0.310185 0.009375 0.087037
0 0.709375 0.302778 0.059375 0.159259
2 0.295052 0.306481 0.100521 0.0907407
