1 0.832031 0.335648 0.0109375 0.0175926
6 0.317187 0.33287 0.0427083 0.0990741
7 0.545833 0.216667 0.025 0.0481481
0 0.316406 0.334722 0.0421875 0.0990741
7 0.261719 0.291667 0.0203125 0.1
7 0.285937 0.306019 0.021875 0.075
7 0.242708 0.302315 0.01875 0.0861111
7 0.755469 0.226852 0.109896 0.440741
0 0.422396 0.311574 0.0416667 0.112037
7 0.597396 0.227315 0.04375 0.191667
7 0.22474 0.303241 0.0171875 0.087963
7 0.371094 0.271759 0.0526042 0.160185
0 0.585417 0.314815 0.0520833 0.125926
7 0.484115 0.244907 0.0463542 0.226852
7 0.908854 0.22037 0.0822917 0.407407
