7 0.663542 0.285185 0.015625 0.0666667
7 0.18099 0.319444 0.0192708 0.0888889
7 0.854427 0.304167 0.0192708 0.075
3 0.475781 0.294444 0.0078125 0.062963
7 0.225781 0.293519 0.0244792 0.122222
1 0.744531 0.325 0.00885417 0.0148148
0 0.433594 0.305093 0.0234375 0.0546296
7 0.833854 0.298611 0.0166667 0.0712963
6 0.433854 0.30787 0.0229167 0.0490741
3 0.546875 0.294444 0.00625 0.0537037
6 0.245833 0.335648 0.0208333 0.037963
7 0.496615 0.243056 0.0473958 0.191667
0 0.342969 0.317593 0.0223958 0.05
0 0.41276 0.314815 0.0390625 0.0925926
2 0.51276 0.297685 0.0744792 0.0694444
1 0.489583 0.337037 0.0166667 0.0296296
0 0.939062 0.341204 0.0291667 0.0712963
7 0.601302 0.238426 0.0619792 0.24537
