7 0.54375 0.268981 0.0208333 0.0842593
7 0.328646 0.27963 0.0322917 0.124074
6 0.580208 0.301389 0.03125 0.0731481
7 0.65026 0.275463 0.0223958 0.0768519
1 0.458333 0.320833 0.0104167 0.0194444
0 0.579948 0.300926 0.0328125 0.0722222
3 0.756771 0.291667 0.00833333 0.0703704
1 0.951302 0.383333 0.0213542 0.0388889
7 0.386719 0.28287 0.0557292 0.137963
0 0.716667 0.306019 0.03125 0.0712963
7 0.971094 0.255093 0.0567708 0.278704
3 0.675781 0.2875 0.00885417 0.0731481
2 0.716667 0.290741 0.0854167 0.0796296
0 0.888542 0.335185 0.0510417 0.140741
