7 0.18151 0.314352 0.0213542 0.0898148
0 0.734375 0.313889 0.01875 0.0444444
6 0.638021 0.312963 0.0291667 0.062963
7 0.13125 0.318056 0.0239583 0.0972222
3 0.79375 0.310185 0.00729167 0.0518519
7 0.54349 0.27963 0.0192708 0.0907407
7 0.157031 0.314352 0.0213542 0.0972222
3 0.858594 0.314815 0.0078125 0.0592593
0 0.6375 0.312037 0.0291667 0.0648148
1 0.680469 0.335185 0.0119792 0.0222222
7 0.202865 0.3125 0.0213542 0.0916667
2 0.826042 0.312963 0.0729167 0.062963
7 0.710417 0.24213 0.0458333 0.247222
7 0.242969 0.268519 0.0536458 0.240741
