7 0.16849 0.315741 0.0182292 0.0925926
7 0.729167 0.292593 0.0177083 0.0796296
1 0.727865 0.327778 0.00885417 0.0148148
7 0.722656 0.289352 0.0182292 0.0842593
7 0.195052 0.30787 0.0203125 0.0898148
7 0.954687 0.31713 0.0197917 0.100926
1 0.797135 0.339352 0.00989583 0.0175926
7 0.214844 0.307407 0.0203125 0.0888889
7 0.769792 0.293519 0.0166667 0.0740741
3 0.539844 0.288426 0.00885417 0.0787037
7 0.925 0.306019 0.021875 0.102778
7 0.752083 0.291667 0.0177083 0.0777778
0 0.333073 0.317593 0.0276042 0.0685185
3 0.452083 0.290278 0.009375 0.0824074
6 0.239063 0.330093 0.025 0.0509259
0 0.0799479 0.373148 0.0453125 0.125926
7 0.143229 0.2375 0.0791667 0.447222
2 0.495833 0.289815 0.0989583 0.0777778
7 0.382031 0.2125 0.0578125 0.399074
