6 0.0351562 0.378241 0.0244792 0.062037
11 0.0346354 0.376852 0.0255208 0.0685185
7 0.515365 0.248148 0.0265625 0.107407
3 0.17526 0.321296 0.00885417 0.0888889
7 0.23776 0.297222 0.0182292 0.0925926
7 0.00989583 0.339352 0.0197917 0.158333
7 0.285937 0.294444 0.0208333 0.0777778
7 0.464323 0.269907 0.0213542 0.0935185
0 0.604167 0.304167 0.0427083 0.100926
7 0.0567708 0.325463 0.0385417 0.156481
7 0.588802 0.240741 0.0432292 0.192593
3 0.0916667 0.339815 0.0104167 0.0925926
7 0.68151 0.262963 0.0526042 0.17963
0 0.530469 0.306481 0.0598958 0.140741
2 0.133073 0.333796 0.0911458 0.100926
