0 0.647396 0.305093 0.021875 0.0472222
7 0.125 0.311574 0.0197917 0.128704
7 0.478385 0.298148 0.0359375 0.111111
0 0.475 0.310185 0.0354167 0.0833333
6 0.954427 0.349074 0.0296875 0.0722222
7 0.592188 0.269444 0.0302083 0.12037
0 0.954167 0.348611 0.0291667 0.0694444
7 0.0940104 0.319444 0.0213542 0.116667
6 0.911198 0.339815 0.0442708 0.0962963
3 0.833333 0.309259 0.00729167 0.0574074
2 0.874219 0.313889 0.0890625 0.0666667
7 0.142448 0.312037 0.0234375 0.127778
7 0.179948 0.306481 0.0223958 0.124074
7 0.497656 0.266667 0.0380208 0.159259
0 0.685156 0.313889 0.0359375 0.087037
7 0.622656 0.265741 0.0359375 0.172222
