7 0.448958 0.28287 0.0177083 0.0805556
7 0.852865 0.280556 0.0203125 0.0907407
6 0.841667 0.320833 0.025 0.0601852
7 0.283333 0.29537 0.0177083 0.105556
0 0.634635 0.309722 0.0328125 0.087963
0 0.841667 0.319444 0.0229167 0.0592593
7 0.59375 0.268056 0.0291667 0.139815
7 0.365625 0.289815 0.0239583 0.0962963
7 0.272135 0.295833 0.0203125 0.110185
7 0.634896 0.309259 0.03125 0.087037
7 0.30026 0.294444 0.0192708 0.107407
7 0.345573 0.286574 0.0213542 0.0990741
7 0.799219 0.278241 0.0234375 0.119444
7 0.319792 0.290741 0.0208333 0.107407
7 0.716146 0.262037 0.0270833 0.177778
0 0.866406 0.337037 0.0411458 0.114815
