0 0.959896 0.343981 0.01875 0.0416667
7 0.515885 0.272222 0.0203125 0.0981481
7 0.990885 0.301389 0.0171875 0.208333
0 0.922917 0.334259 0.021875 0.05
7 0.59349 0.280093 0.0244792 0.0990741
0 0.61875 0.306944 0.025 0.0601852
7 0.544271 0.27037 0.0208333 0.0851852
7 0.464844 0.280093 0.0182292 0.0824074
6 0.551302 0.313426 0.0276042 0.0564815
7 0.491667 0.273611 0.025 0.110185
7 0.0815104 0.263889 0.0973958 0.503704
0 0.707812 0.316204 0.0333333 0.0712963
6 0.0315104 0.444444 0.0630208 0.324074
7 0.14349 0.264815 0.0963542 0.522222
2 0.425781 0.300926 0.0557292 0.0462963
7 0.670313 0.272222 0.0322917 0.12963
