2 0.23724 0.32037 0.0265625 0.0648148
7 0.496875 0.272685 0.025 0.10463
6 0.764323 0.318056 0.0234375 0.0527778
0 0.897656 0.337037 0.0255208 0.05
2 0.24401 0.315741 0.0140625 0.0648148
0 0.763542 0.316204 0.0239583 0.0546296
6 0.492708 0.312963 0.0208333 0.0425926
0 0.522917 0.305093 0.01875 0.0398148
7 0.979688 0.313426 0.0239583 0.126852
0 0.492708 0.311111 0.0208333 0.0425926
2 0.209375 0.316204 0.078125 0.0805556
1 0.816406 0.340278 0.0109375 0.0175926
3 0.246094 0.315741 0.0078125 0.062963
7 0.185156 0.308796 0.0276042 0.119444
7 0.160156 0.310648 0.0328125 0.125
7 0.483594 0.27963 0.0317708 0.109259
1 0.856771 0.345833 0.0104167 0.0175926
6 0.334375 0.326389 0.03125 0.0564815
7 0.134115 0.3125 0.0213542 0.126852
7 0.747917 0.272222 0.0385417 0.144444
7 0.60625 0.27037 0.01875 0.125926
6 0.565365 0.311111 0.0348958 0.0611111
1 0.204948 0.521296 0.0755208 0.15
1 0.634896 0.532407 0.101042 0.17963
