6 0.115104 0.364352 0.0197917 0.0398148
7 0.818229 0.2875 0.028125 0.0972222
0 0.719531 0.317593 0.0276042 0.0537037
0 0.919792 0.339352 0.0302083 0.0490741
6 0.920573 0.338889 0.0296875 0.05
7 0.233594 0.298611 0.0203125 0.0990741
0 0.302865 0.330556 0.0401042 0.0944444
7 0.697917 0.287963 0.0177083 0.0888889
7 0.170833 0.313426 0.021875 0.106481
1 0.839063 0.341204 0.0114583 0.0194444
0 0.803385 0.316204 0.0192708 0.0490741
7 0.38099 0.268056 0.0348958 0.160185
0 0.777604 0.315741 0.0291667 0.0574074
6 0.777865 0.316204 0.0286458 0.0546296
7 0.747396 0.283333 0.0239583 0.107407
3 0.155729 0.331481 0.009375 0.0796296
2 0.121875 0.330556 0.0739583 0.1
7 0.0984375 0.330556 0.0229167 0.112963
7 0.988281 0.27963 0.0223958 0.248148
6 0.303646 0.334722 0.0416667 0.0842593
7 0.131771 0.318056 0.0239583 0.126852
7 0.407813 0.224074 0.046875 0.290741
7 0.892969 0.246759 0.0484375 0.278704
7 0.0736979 0.335648 0.0255208 0.121296
