1 0.785417 0.335185 0.0104167 0.0166667
7 0.0445312 0.353704 0.0213542 0.0814815
0 0.43724 0.303241 0.0171875 0.0509259
6 0.867969 0.336574 0.0234375 0.0416667
6 0.666146 0.312963 0.03125 0.0537037
7 0.126302 0.32037 0.0223958 0.103704
7 0.141146 0.31713 0.0229167 0.0972222
6 0.0895833 0.368056 0.0208333 0.0416667
1 0.828125 0.34213 0.0114583 0.0194444
7 0.320573 0.29537 0.0276042 0.146296
7 0.065625 0.334722 0.0177083 0.115741
6 0.26875 0.3375 0.0385417 0.0824074
2 0.0945313 0.351852 0.0723958 0.0740741
7 0.223438 0.301389 0.0229167 0.0990741
1 0.545573 0.385185 0.0380208 0.0648148
7 0.365104 0.231019 0.0510417 0.273148
1 0.792448 0.427778 0.0473958 0.0851852
7 0.736198 0.224074 0.0692708 0.364815
