0 0.83776 0.323611 0.0661458 0.110185
7 0.699479 0.245833 0.0614583 0.189815
0 0.886198 0.326852 0.0359375 0.0981481
6 0.8375 0.325 0.0666667 0.109259
7 0.685938 0.199537 0.0385417 0.0990741
1 0.957292 0.365741 0.0135417 0.0222222
7 0.297135 0.291667 0.0234375 0.0962963
1 0.930469 0.363889 0.0130208 0.0222222
7 0.266667 0.287037 0.05 0.168519
6 0.886458 0.331944 0.0333333 0.0898148
0 0.173438 0.35787 0.0354167 0.0990741
0 0.275781 0.333796 0.0494792 0.125
7 0.984375 0.274074 0.0302083 0.248148
7 0.744792 0.261111 0.0354167 0.192593
7 0.0140625 0.325463 0.0270833 0.241667
