7 0.653385 0.218056 0.0494792 0.373148
0 0.141667 0.406481 0.0833333 0.181481
6 0.88099 0.32963 0.0390625 0.0796296
0 0.739844 0.332407 0.0630208 0.157407
7 0.954167 0.280093 0.05625 0.275
1 0.874479 0.358796 0.0166667 0.0268519
7 0.854688 0.263889 0.0447917 0.159259
6 0.141406 0.419444 0.0848958 0.151852
7 0.257031 0.152778 0.0401042 0.118519
6 0.840625 0.328704 0.0416667 0.0981481
7 0.686458 0.215741 0.0927083 0.387037
7 0.770573 0.24213 0.0755208 0.321296
0 0.541927 0.321296 0.0828125 0.211111
7 0.0604167 0.340278 0.116667 0.313889
