7 0.94401 0.315278 0.0244792 0.0935185
0 0.282552 0.324074 0.0244792 0.0518519
6 0.283073 0.321296 0.0255208 0.0537037
1 0.795833 0.333333 0.009375 0.0166667
1 0.730208 0.324537 0.0104167 0.0157407
1 0.246615 0.364352 0.0119792 0.0268519
7 0.745313 0.290741 0.021875 0.0740741
7 0.71276 0.278241 0.0213542 0.0935185
7 0.911458 0.304167 0.01875 0.0916667
3 0.556771 0.286574 0.00833333 0.0694444
6 0.376823 0.314815 0.0244792 0.0537037
2 0.513021 0.290278 0.096875 0.0768519
0 0.186198 0.352315 0.0442708 0.106481
7 0.466146 0.211574 0.0552083 0.336111
7 0.282552 0.214352 0.0973958 0.410185
