0 0.257031 0.341204 0.0182292 0.0342593
7 0.851302 0.106481 0.0578125 0.201852
7 0.644792 0.286111 0.01875 0.0925926
0 0.0270833 0.3875 0.015625 0.0416667
4 0.858854 0.246296 0.0135417 0.0314815
7 0.129688 0.3375 0.0270833 0.130556
7 0.272135 0.307407 0.0182292 0.0925926
0 0.00651042 0.395833 0.0119792 0.0490741
7 0.255729 0.306944 0.0208333 0.0916667
0 0.16276 0.362037 0.0276042 0.0592593
7 0.951302 0.190741 0.0973958 0.37963
6 0.815885 0.347685 0.0651042 0.173148
6 0.163021 0.365741 0.028125 0.0537037
3 0.392188 0.306944 0.00729167 0.0694444
6 0.923437 0.351852 0.15 0.333333
3 0.323438 0.313426 0.00729167 0.0638889
7 0.617708 0.288426 0.0260417 0.132407
0 0.226302 0.343056 0.0244792 0.062037
7 0.578646 0.296296 0.0520833 0.122222
2 0.356771 0.310185 0.0760417 0.0666667
