7 0.188802 0.288889 0.0255208 0.114815
6 0.68151 0.327778 0.0703125 0.168519
7 0.168229 0.334259 0.0239583 0.0833333
0 0.105208 0.361111 0.0385417 0.109259
4 0.591667 0.306481 0.0208333 0.0444444
7 0.233073 0.302778 0.0348958 0.162963
4 0.554688 0.201389 0.015625 0.0509259
0 0.189063 0.347685 0.03125 0.0805556
6 0.598958 0.341204 0.138542 0.228704
7 0.0153646 0.293056 0.0307292 0.373148
6 0.842188 0.328241 0.1125 0.271296
0 0.842188 0.327778 0.116667 0.27037
7 0.12526 0.252778 0.0973958 0.451852
