0 0.864844 0.343519 0.0296875 0.0722222
1 0.741146 0.343056 0.0145833 0.0305556
0 0.579427 0.318981 0.0515625 0.106481
7 0.767448 0.324074 0.0286458 0.087037
0 0.823438 0.339815 0.0302083 0.062963
4 0.576823 0.274074 0.0161458 0.0296296
7 0.715885 0.297222 0.0286458 0.103704
0 0.766927 0.325 0.0276042 0.087037
1 0.166927 0.371759 0.0140625 0.0231481
3 0.0541667 0.356019 0.00833333 0.0675926
6 0.579167 0.324074 0.0479167 0.0981481
0 0.680729 0.311111 0.0364583 0.0888889
7 0.139062 0.296759 0.0458333 0.175
0 0.196094 0.340741 0.0348958 0.1
0 0.375521 0.341204 0.075 0.162037
1 0.791406 0.354167 0.0161458 0.0268519
2 0.0835937 0.351852 0.0640625 0.0703704
