0 0.555729 0.359722 0.0145833 0.0287037
7 0.302865 0.201389 0.0192708 0.0546296
1 0.704427 0.325463 0.00885417 0.0138889
0 0.288802 0.326852 0.0171875 0.0481481
1 0.736458 0.325463 0.009375 0.0157407
7 0.494271 0.25 0.0135417 0.0462963
0 0.345313 0.319907 0.021875 0.0694444
7 0.553646 0.275 0.0239583 0.109259
7 0.0119792 0.338889 0.0229167 0.209259
7 0.404167 0.252778 0.0375 0.194444
2 0.98724 0.333333 0.0255208 0.107407
0 0.373958 0.318056 0.0260417 0.0601852
6 0.452083 0.332407 0.0520833 0.0944444
7 0.30625 0.268056 0.03125 0.187963
3 0.980208 0.32963 0.009375 0.0944444
7 0.341406 0.265741 0.0307292 0.17037
