7 0.595573 0.268056 0.0296875 0.123148
0 0.826823 0.327778 0.0286458 0.0648148
7 0.0315104 0.346759 0.0192708 0.113889
6 0.0252604 0.384259 0.0192708 0.0481481
7 0.105208 0.359722 0.0354167 0.112037
7 0.634896 0.285648 0.025 0.10463
0 0.739062 0.315741 0.034375 0.062963
7 0.829167 0.306481 0.0270833 0.101852
0 0.857031 0.335185 0.0296875 0.0611111
1 0.748698 0.340278 0.0130208 0.0231481
0 0.670313 0.309722 0.0333333 0.0768519
7 0.492969 0.273611 0.0223958 0.115741
0 0.10625 0.368519 0.0385417 0.0925926
7 0.715625 0.269907 0.025 0.121296
3 0.0799479 0.353704 0.0078125 0.0666667
7 0.400781 0.287037 0.0203125 0.0981481
7 0.053125 0.340741 0.0229167 0.118519
7 0.6375 0.257407 0.0354167 0.168519
1 0.803125 0.347222 0.0135417 0.0240741
6 0.671094 0.311111 0.0338542 0.0759259
2 0.0552083 0.359722 0.0604167 0.0861111
7 0.25625 0.276389 0.040625 0.186111
7 0.219792 0.2875 0.028125 0.165741
0 0.343229 0.321296 0.0270833 0.0648148
