7 0.649479 0.238426 0.0354167 0.199074
0 0.764323 0.311574 0.0244792 0.0546296
0 0.65651 0.314352 0.0276042 0.0694444
6 0.764844 0.311111 0.0255208 0.0537037
7 0.315365 0.296296 0.0161458 0.0703704
7 0.283333 0.293981 0.0177083 0.0898148
3 0.946615 0.323611 0.00885417 0.075
7 0.264323 0.293981 0.0192708 0.0898148
1 0.682292 0.338889 0.0135417 0.0259259
7 0.492448 0.266667 0.0244792 0.127778
0 0.847656 0.326389 0.0223958 0.0509259
7 0.665625 0.241204 0.0489583 0.20463
2 0.971875 0.336111 0.05625 0.0944444
0 0.711979 0.315278 0.0447917 0.123148
