0 0.648958 0.316204 0.0479167 0.117593
6 0.756771 0.316204 0.0364583 0.0861111
0 0.931771 0.35787 0.034375 0.0694444
7 0.0502604 0.341204 0.0244792 0.128704
0 0.838802 0.332407 0.0348958 0.0907407
7 0.028125 0.335648 0.034375 0.149074
1 0.813281 0.353704 0.0151042 0.0259259
3 0.192708 0.326389 0.00625 0.0601852
0 0.0125 0.391667 0.0229167 0.0666667
6 0.648698 0.323611 0.0463542 0.100926
0 0.272656 0.326852 0.0203125 0.0537037
3 0.129948 0.336574 0.00677083 0.0657407
0 0.75625 0.314352 0.0364583 0.0916667
1 0.0580729 0.397685 0.0151042 0.025
1 0.860677 0.363889 0.0161458 0.0296296
7 0.679948 0.248148 0.0411458 0.212963
0 0.440365 0.322685 0.0734375 0.175
2 0.161719 0.331019 0.0682292 0.0712963
