7 0.117969 0.349537 0.016146 0.058333
0 0.444271 0.313889 0.025000 0.064815
0 0.120312 0.363889 0.014583 0.035185
0 0.020052 0.400463 0.025521 0.063889
0 0.101302 0.367130 0.019271 0.041667
0 0.964844 0.353241 0.066146 0.182407
7 0.099740 0.346759 0.018229 0.075000
6 0.020573 0.400926 0.025521 0.064815
3 0.222135 0.324074 0.006771 0.066667
7 0.728125 0.130556 0.073958 0.240741
3 0.157031 0.335648 0.007813 0.067593
0 0.755208 0.311574 0.157292 0.315741
0 0.075521 0.375000 0.020833 0.059259
7 0.883073 0.236574 0.090104 0.473148
1 0.971875 0.506019 0.055208 0.126852
7 0.470052 0.262037 0.043229 0.198148
7 0.643490 0.212037 0.088021 0.420370
2 0.189583 0.331481 0.070833 0.074074
14 0.578656 0.277778 0.215802 0.106918