7 0.793229 0.311111 0.059375 0.174074
7 0.578646 0.274074 0.01875 0.0796296
0 0.0460938 0.400463 0.0338542 0.0768519
6 0.0455729 0.400463 0.0348958 0.0768519
6 0.255208 0.336574 0.0239583 0.0453704
7 0.814062 0.312037 0.0510417 0.2
7 0.282031 0.293981 0.0223958 0.121296
7 0.548698 0.276852 0.0171875 0.0759259
3 0.440104 0.29213 0.009375 0.0861111
3 0.354427 0.3 0.00885417 0.0814815
7 0.735156 0.216204 0.0671875 0.35463
0 0.163281 0.349074 0.0348958 0.0944444
2 0.397135 0.298611 0.0963542 0.0842593
