7 0.053906 0.347685 0.021354 0.100926
12 0.174646 0.455477 0.349292 0.183491
7 0.641146 0.285648 0.013542 0.058333
0 0.395833 0.343056 0.028125 0.069444
7 0.087760 0.344444 0.018229 0.079630
7 0.067448 0.343519 0.020313 0.096296
3 0.803125 0.303704 0.007292 0.057407
6 0.667708 0.308796 0.019792 0.039815
3 0.741667 0.302315 0.006250 0.056481
1 0.842969 0.346759 0.010937 0.019444
1 0.080469 0.396759 0.015104 0.023148
0 0.755990 0.314352 0.019271 0.043519
7 0.046094 0.333796 0.023438 0.134259
0 0.873438 0.342130 0.044792 0.110185
7 0.517969 0.267593 0.040104 0.159259
7 0.930469 0.287037 0.025521 0.177778
2 0.772396 0.303704 0.065625 0.053704
13 0.497877 0.174004 0.028302 0.100629
14 0.486675 0.286164 0.069575 0.073375
11 0.432429 0.303983 0.067217 0.146751
1 0.589361 0.318542 0.007862 0.013976
1 0.686648 0.451316 0.000655 0.000000
1 0.969471 0.355229 0.007862 0.015141