7 0.690104 0.310185 0.017708 0.051852
6 0.013281 0.405093 0.025521 0.086111
0 0.781510 0.326852 0.026562 0.053704
6 0.037760 0.372222 0.018229 0.050000
6 0.131250 0.362963 0.031250 0.057407
7 0.832031 0.299537 0.027604 0.113889
0 0.901042 0.347222 0.029167 0.061111
7 0.932552 0.317130 0.020313 0.065741
7 0.036979 0.362963 0.016667 0.061111
0 0.604623 0.312840 0.024871 0.066420
7 0.146615 0.324074 0.036979 0.133333
7 0.613542 0.266204 0.034375 0.113889
3 0.102604 0.344907 0.006250 0.060185
7 0.391406 0.283796 0.023438 0.089815
0 0.932292 0.351389 0.031250 0.069444
7 0.885156 0.293056 0.026562 0.128704
1 0.053385 0.395370 0.011979 0.020370
0 0.248177 0.327778 0.021354 0.055556
1 0.676042 0.331944 0.013542 0.021296
2 0.076823 0.353704 0.059896 0.070370
7 0.571354 0.264352 0.034375 0.145370
7 0.645052 0.268056 0.030729 0.149074
1 0.724740 0.336574 0.014063 0.023148
14 0.452476 0.294549 0.154481 0.060797