12 0.114323 0.536111 0.215104 0.127778
12 0.0354167 0.578241 0.0708333 0.123148
7 0.634635 0.246759 0.0296875 0.175
7 0.0304688 0.360648 0.0223958 0.0972222
7 0.167708 0.341204 0.05 0.0805556
3 0.90651 0.316204 0.00885417 0.0694444
7 0.68724 0.251852 0.0338542 0.172222
7 0.659896 0.251389 0.0333333 0.178704
3 0.839323 0.306481 0.00885417 0.0722222
0 0.317708 0.347222 0.154167 0.385185
7 0.519271 0.247222 0.103125 0.305556
0 0.764323 0.328704 0.0682292 0.17037
0 0.482031 0.306944 0.0942708 0.256481
7 0.965365 0.247685 0.0692708 0.386111
2 0.873958 0.313426 0.075 0.075
