7 0.202604 0.293519 0.0208333 0.125926
1 0.257031 0.343981 0.0140625 0.0194444
7 0.365625 0.293519 0.0260417 0.0777778
7 0.160417 0.305093 0.021875 0.137963
7 0.290365 0.298611 0.0203125 0.0768519
7 0.707292 0.270833 0.025 0.115741
12 0.0893229 0.452315 0.170312 0.102778
3 0.945052 0.324537 0.00677083 0.0601852
7 0.322135 0.289352 0.0203125 0.0861111
7 0.235938 0.290278 0.0229167 0.123148
7 0.536719 0.245833 0.0411458 0.0935185
6 0.542188 0.319907 0.0552083 0.0916667
7 0.216146 0.291204 0.0229167 0.128704
7 0.776823 0.278704 0.0265625 0.116667
7 0.180208 0.3 0.0229167 0.125926
7 0.633594 0.25787 0.0442708 0.180556
0 0.611719 0.306481 0.0411458 0.0944444
0 0.898438 0.343519 0.040625 0.0962963
7 0.13125 0.252315 0.0479167 0.325
2 0.970833 0.334722 0.0583333 0.0768519
