0 0.69974 0.327778 0.0661458 0.146296
0 0.464063 0.298611 0.0229167 0.0657407
0 0.989323 0.346759 0.0171875 0.0490741
7 0.40651 0.284722 0.0182292 0.087963
7 0.440104 0.283333 0.01875 0.087037
6 0.538281 0.3125 0.0317708 0.0657407
7 0.425 0.28287 0.0177083 0.0861111
7 0.388542 0.286111 0.0166667 0.0833333
7 0.396354 0.288426 0.0177083 0.0842593
0 0.403125 0.318519 0.0208333 0.0462963
7 0.734635 0.268519 0.0286458 0.124074
7 0.467187 0.283796 0.021875 0.0824074
7 0.447656 0.283796 0.0203125 0.0842593
7 0.955729 0.301852 0.025 0.144444
6 0.70026 0.332407 0.0661458 0.140741
0 0.538542 0.311574 0.03125 0.0675926
7 0.510156 0.275 0.0286458 0.114815
7 0.0203125 0.334259 0.0395833 0.233333
