7 0.359115 0.287037 0.022396 0.079630
0 0.992708 0.356944 0.014583 0.087963
7 0.966667 0.268981 0.039583 0.243519
0 0.348958 0.318981 0.022917 0.065741
0 0.922396 0.341667 0.031250 0.066667
7 0.274740 0.262037 0.038021 0.261111
7 0.728906 0.291667 0.044271 0.124074
1 0.893490 0.358333 0.014063 0.024074
0 0.061719 0.368519 0.068229 0.244444
7 0.238021 0.244907 0.153125 0.476852
7 0.813021 0.270833 0.166667 0.528704
14 0.495069 0.293025 0.242281 0.063846
13 0.478452 0.187250 0.060034 0.071469
7 0.629074 0.253478 0.026801 0.123880
0 0.691413 0.309034 0.034841 0.086716
4 0.684069 0.276082 0.011578 0.018906
7 0.411635 0.245353 0.017296 0.059399
0 0.302329 0.324030 0.029481 0.070100
1 0.419332 0.328616 0.008476 0.015068