7 0.304948 0.305556 0.015104 0.062963
12 0.190189 0.407298 0.378294 0.116887
6 0.412760 0.317593 0.031771 0.068518
7 0.707812 0.276389 0.019792 0.104630
7 0.196615 0.309722 0.019271 0.099074
7 0.884635 0.268519 0.023438 0.142593
6 0.922917 0.337963 0.032292 0.075926
7 0.438542 0.286574 0.022917 0.106481
2 0.926562 0.321759 0.063542 0.058333
7 0.332292 0.294444 0.018750 0.079630
0 0.689583 0.305093 0.022917 0.058333
0 0.922656 0.337963 0.031771 0.075926
7 0.549219 0.261574 0.023438 0.149074
7 0.247135 0.303241 0.022396 0.097222
0 0.649219 0.317593 0.035937 0.083333
7 0.220052 0.307870 0.018229 0.093519
7 0.864062 0.281019 0.032292 0.162037
14 0.536792 0.294549 0.160377 0.056604
1 0.726605 0.324353 0.006811 0.011436
1 0.262724 0.345879 0.007946 0.012782