6 0.589583 0.305556 0.0364583 0.0611111
1 0.709635 0.329167 0.00989583 0.0194444
0 0.589844 0.304167 0.0380208 0.0657407
0 0.688021 0.309722 0.0197917 0.0472222
7 0.0466146 0.343981 0.0192708 0.10463
6 0.205469 0.34537 0.0390625 0.1
7 0.267188 0.288889 0.0229167 0.142593
7 0.876302 0.319907 0.0151042 0.0564815
3 0.0296875 0.366204 0.009375 0.0787037
7 0.564062 0.282407 0.0197917 0.0833333
1 0.754687 0.329167 0.0114583 0.0194444
7 0.149479 0.315741 0.0208333 0.087037
6 0.651563 0.306481 0.0270833 0.0574074
2 0.0164062 0.356481 0.0328125 0.112963
7 0.0151042 0.352315 0.0291667 0.130556
7 0.240365 0.283333 0.0276042 0.172222
7 0.290365 0.276389 0.0265625 0.158333
7 0.326042 0.234722 0.059375 0.315741
0 0.20599 0.344907 0.0390625 0.102778
7 0.636719 0.269444 0.0234375 0.12963
7 0.735937 0.226852 0.0729167 0.331481
