1 0.888802 0.302315 0.0119792 0.025
1 0.727604 0.334722 0.0125 0.0194444
0 0.944792 0.334259 0.0208333 0.0703704
7 0.509896 0.257407 0.025 0.116667
7 0.815365 0.269907 0.0276042 0.14537
0 0.0208333 0.433796 0.0416667 0.24537
7 0.64375 0.231481 0.0427083 0.192593
7 0.619792 0.285648 0.0520833 0.128704
7 0.991406 0.306481 0.0171875 0.111111
7 0.139323 0.282407 0.0411458 0.246296
1 0.99349 0.40463 0.0130208 0.0518519
7 0.786979 0.271296 0.0375 0.155556
7 0.247396 0.258796 0.15625 0.513889
7 0.169531 0.265741 0.0421875 0.281481
7 0.857031 0.258796 0.126563 0.515741
