7 0.50599 0.241667 0.0296875 0.101852
12 0.261719 0.418519 0.323438 0.112963
6 0.590365 0.305556 0.0223958 0.05
6 0.464063 0.316204 0.059375 0.115741
7 0.123958 0.333333 0.0197917 0.087037
7 0.0484375 0.331481 0.0229167 0.15
7 0.432813 0.247222 0.0427083 0.118519
6 0.941146 0.341667 0.0197917 0.0537037
0 0.941146 0.343056 0.0197917 0.0527778
1 0.117708 0.377778 0.0114583 0.0185185
3 0.786198 0.305093 0.00677083 0.0527778
0 0.620573 0.308796 0.0234375 0.0509259
7 0.199479 0.306019 0.021875 0.110185
3 0.845052 0.309722 0.00677083 0.0583333
7 0.618229 0.259259 0.0208333 0.124074
7 0.0726563 0.323611 0.0223958 0.14537
0 0.46276 0.314352 0.0609375 0.115741
0 0.96276 0.356481 0.0307292 0.0666667
7 0.160677 0.31713 0.0171875 0.0935185
7 0.570833 0.273148 0.0260417 0.116667
0 0.718229 0.316667 0.034375 0.0796296
7 0.0914062 0.319907 0.0234375 0.141667
0 0.515625 0.30787 0.0427083 0.102778
2 0.816146 0.307407 0.0625 0.0537037
