4 0.818229 0.264352 0.014583 0.028704
6 0.820931 0.309626 0.070636 0.162229
1 0.886719 0.362963 0.015104 0.025926
7 0.075781 0.307407 0.079687 0.266667
0 0.435937 0.315278 0.077083 0.208333
7 0.149219 0.273148 0.095312 0.377778
7 0.973437 0.261574 0.046875 0.306481
7 0.926302 0.254630 0.055729 0.300000
7 0.284635 0.222685 0.084896 0.436111
14 0.352241 0.303983 0.512972 0.155136
13 0.355778 0.057652 0.152123 0.115304
6 0.759670 0.303983 0.049528 0.150943
4 0.750564 0.263604 0.010767 0.026433
4 0.773380 0.317838 0.009229 0.025522
7 0.382075 0.174878 0.033412 0.087352
7 0.690153 0.250000 0.020637 0.062893
7 0.668534 0.260482 0.010810 0.041929
7 0.630700 0.279700 0.027516 0.087352
7 0.847877 0.268344 0.023585 0.057652