4 0.440625 0.335185 0.0135417 0.0222222
4 0.435677 0.343056 0.0119792 0.0268519
7 0.482552 0.123148 0.0505208 0.127778
7 0.989323 0.259722 0.0213542 0.300926
7 0.875781 0.180093 0.0411458 0.0842593
6 0.466406 0.326852 0.102604 0.225926
7 0.230729 0.256019 0.0625 0.271296
7 0.508594 0.133333 0.0546875 0.109259
0 0.466667 0.317593 0.102083 0.266667
7 0.798437 0.175926 0.0385417 0.0740741
7 0.404687 0.129167 0.0604167 0.137963
7 0.584635 0.122222 0.0359375 0.131481
0 0.881771 0.33287 0.0791667 0.247222
