0 0.030990 0.393981 0.060937 0.254630
1 0.891406 0.304167 0.015104 0.026852
7 0.936458 0.337037 0.021875 0.064815
6 0.570833 0.312037 0.040625 0.075926
7 0.244792 0.308333 0.026042 0.087037
0 0.936458 0.337500 0.021875 0.065741
7 0.589323 0.269907 0.031771 0.130556
7 0.173698 0.265741 0.042188 0.275926
0 0.792188 0.316667 0.034375 0.074074
1 0.765104 0.338426 0.013542 0.023148
7 0.110417 0.288889 0.037500 0.244444
0 0.241146 0.336574 0.031250 0.084259
1 0.713542 0.335648 0.013542 0.023148
7 0.282031 0.295370 0.024479 0.129630
7 0.190625 0.252315 0.047917 0.304630
7 0.496354 0.259722 0.036458 0.176852
7 0.633854 0.234722 0.057292 0.256481
14 0.369562 0.301654 0.241745 0.065222
13 0.361701 0.195667 0.062238 0.076869
0 0.873821 0.331398 0.030842 0.094340
0 0.917589 0.336236 0.015874 0.086276
0 0.769049 0.315675 0.018142 0.085470