7 0.396615 0.287500 0.015104 0.075000
1 0.834115 0.334722 0.010937 0.019444
7 0.372656 0.295370 0.017188 0.077778
0 0.852344 0.324201 0.025521 0.046042
7 0.492708 0.271759 0.046875 0.182407
7 0.629948 0.273148 0.021354 0.124074
6 0.577083 0.307870 0.050000 0.104630
7 0.355729 0.295370 0.018750 0.083333
0 0.749219 0.309722 0.027604 0.060185
0 0.492448 0.320833 0.059896 0.134259
7 0.728125 0.267593 0.029167 0.129630
7 0.795052 0.266204 0.028646 0.149074
0 0.411198 0.312500 0.029687 0.069444
7 0.019792 0.325000 0.039583 0.257407
7 0.434115 0.261111 0.030729 0.151852
14 0.526769 0.291405 0.220519 0.048218