4 0.0945313 0.337037 0.00989583 0.0407407
7 0.436458 0.308796 0.0239583 0.0509259
0 0.436979 0.310185 0.025 0.0555556
6 0.943229 0.350463 0.0395833 0.0990741
6 0.065625 0.368056 0.021875 0.0509259
7 0.411979 0.293519 0.021875 0.0814815
6 0.982292 0.363426 0.034375 0.087963
7 0.471354 0.281019 0.0270833 0.10463
0 0.944271 0.338426 0.040625 0.113889
6 0.100521 0.375 0.0354167 0.0851852
0 0.982031 0.360648 0.0348958 0.0916667
7 0.0697917 0.348148 0.0208333 0.0814815
0 0.285156 0.330556 0.0255208 0.062963
1 0.847396 0.362963 0.0166667 0.0296296
1 0.0242187 0.414815 0.0140625 0.0259259
1 0.917188 0.377315 0.0177083 0.0324074
3 0.152344 0.335648 0.0078125 0.0657407
0 0.100521 0.374074 0.0354167 0.0888889
7 0.272917 0.284722 0.046875 0.163889
7 0.703906 0.249537 0.0526042 0.213889
7 0.803646 0.265741 0.0395833 0.203704
7 0.764583 0.250926 0.046875 0.25
2 0.124219 0.341667 0.0661458 0.0722222
