7 0.737760 0.287037 0.019271 0.088889
2 0.006510 0.365278 0.013020 0.212037
10 0.432813 0.313889 0.018750 0.046296
6 0.759115 0.313889 0.023438 0.046296
7 0.713281 0.286574 0.021354 0.089815
0 0.759375 0.311574 0.022917 0.049074
3 0.007292 0.359722 0.013542 0.195370
7 0.481771 0.285648 0.026042 0.082407
7 0.276302 0.261111 0.184896 0.507407
6 0.380469 0.354630 0.131771 0.281481
1 0.954687 0.381944 0.018750 0.034259
0 0.588802 0.308796 0.033854 0.080556
7 0.544271 0.277315 0.023958 0.106481
0 0.880208 0.333796 0.036458 0.089815
7 0.798958 0.259722 0.045833 0.225000
14 0.584552 0.292453 0.173349 0.035639
1 0.809931 0.329782 0.006286 0.013753
1 0.787448 0.328493 0.005802 0.016332