0 0.975260 0.737963 0.049479 0.392593
7 0.855990 0.297685 0.050521 0.184259
12 0.848999 0.492396 0.302002 0.168913
7 0.694792 0.212500 0.070833 0.410185
7 0.140104 0.340741 0.015625 0.066667
3 0.259896 0.319444 0.006250 0.062963
7 0.765365 0.068056 0.074479 0.136111
6 0.055729 0.388426 0.021875 0.052778
3 0.198698 0.331019 0.007813 0.062037
0 0.109115 0.365278 0.020313 0.058333
7 0.620052 0.121296 0.070313 0.231481
0 0.590365 0.307407 0.127604 0.309259
7 0.742385 0.228704 0.116623 0.433333
7 0.459115 0.298148 0.191146 0.327778
1 0.566667 0.482407 0.079167 0.142593
2 0.228906 0.326852 0.068229 0.062963
1 0.667448 0.766667 0.196354 0.350000
14 0.518514 0.292453 0.062500 0.081761