7 0.557031 0.275463 0.020313 0.093519
0 0.895833 0.325926 0.022917 0.055556
6 0.700260 0.317130 0.028646 0.052778
7 0.524219 0.274074 0.019271 0.092593
7 0.632552 0.254167 0.013021 0.034259
0 0.700521 0.316204 0.029167 0.054630
7 0.534635 0.274074 0.027604 0.096296
7 0.479167 0.280093 0.028125 0.087963
0 0.561719 0.312963 0.024479 0.053704
0 0.990885 0.360648 0.018229 0.108333
7 0.595573 0.283796 0.024479 0.086111
7 0.677083 0.273148 0.026042 0.116667
4 0.195052 0.230093 0.027604 0.058333
7 0.162760 0.220833 0.066146 0.415741
7 0.297656 0.225926 0.149479 0.450000
7 0.958854 0.291204 0.033333 0.189815
3 0.068750 0.343519 0.017708 0.181481
6 0.211458 0.363889 0.130208 0.261111
2 0.039063 0.364815 0.077083 0.227778
14 0.716854 0.295258 0.179755 0.043629
1 0.924433 0.349482 0.006693 0.012465
1 0.945309 0.353731 0.007012 0.014165
6 0.874554 0.326534 0.021673 0.053827
6 0.857024 0.320868 0.014023 0.051561
4 0.876147 0.306136 0.006374 0.010765
4 0.855272 0.304437 0.001594 0.009632
7 0.871109 0.258910 0.017689 0.067086