0 0.500781 0.309722 0.039063 0.110185
0 0.560417 0.305556 0.021875 0.070370
7 0.899219 0.293981 0.028646 0.128704
7 0.869792 0.288889 0.030208 0.125926
0 0.935009 0.335648 0.037727 0.078704
7 0.607031 0.285185 0.027604 0.100000
7 0.054427 0.311574 0.027604 0.132407
3 0.034635 0.365741 0.010937 0.105556
7 0.983073 0.299074 0.031771 0.183333
7 0.676562 0.294444 0.035417 0.094444
0 0.583854 0.310185 0.039583 0.087037
7 0.081771 0.323611 0.041667 0.176852
3 0.119792 0.339352 0.009375 0.093519
0 0.055469 0.381481 0.033854 0.074074
0 0.467708 0.329167 0.090625 0.221296
2 0.076302 0.350926 0.094271 0.111111
14 0.681840 0.299790 0.264151 0.067086