7 0.758594 0.274537 0.0244792 0.123148
0 0.700521 0.327315 0.0666667 0.147222
6 0.538281 0.3125 0.0317708 0.0657407
7 0.404687 0.287037 0.0208333 0.0925926
7 0.427604 0.28287 0.0197917 0.087963
7 0.395573 0.289352 0.0182292 0.0861111
7 0.945573 0.303704 0.0203125 0.12963
0 0.402865 0.318056 0.0203125 0.0453704
7 0.449479 0.283796 0.0208333 0.0842593
7 0.735156 0.271759 0.0265625 0.123148
7 0.467969 0.284259 0.0213542 0.0814815
6 0.699479 0.331481 0.0697917 0.142593
0 0.538021 0.311111 0.03125 0.0685185
7 0.5125 0.279167 0.025 0.102778
7 0.0197917 0.333333 0.0395833 0.237037
