0 0.909896 0.356944 0.0416667 0.108333
7 0.274219 0.290741 0.0182292 0.0962963
7 0.0640625 0.346759 0.0197917 0.0805556
6 0.345052 0.335185 0.0286458 0.0574074
0 0.98724 0.359722 0.0255208 0.125
7 0.0460938 0.349074 0.0192708 0.0833333
6 0.98776 0.364815 0.0244792 0.114815
4 0.379167 0.31713 0.0166667 0.0324074
0 0.410677 0.340741 0.0848958 0.166667
7 0.959115 0.258333 0.0546875 0.290741
6 0.410677 0.343519 0.0880208 0.168519
7 0.469531 0.246296 0.0421875 0.231481
0 0.294792 0.33287 0.0479167 0.123148
