4 0.920573 0.301852 0.0119792 0.0259259
7 0.884115 0.265741 0.0244792 0.0518519
7 0.911198 0.292593 0.0276042 0.125926
6 0.921094 0.346296 0.0328125 0.0740741
6 0.672917 0.306019 0.0375 0.0824074
0 0.751302 0.306481 0.0411458 0.0925926
7 0.40026 0.262037 0.0265625 0.15
3 0.264844 0.314352 0.00677083 0.0546296
0 0.860937 0.325463 0.03125 0.0712963
6 0.750521 0.306944 0.040625 0.0953704
0 0.518229 0.300463 0.0229167 0.0527778
7 0.215885 0.310185 0.0286458 0.1
6 0.213542 0.345833 0.03125 0.062037
7 0.808594 0.271759 0.0369792 0.158333
0 0.955208 0.350926 0.0385417 0.087037
7 0.186198 0.312963 0.0213542 0.0962963
1 0.825 0.348611 0.015625 0.0268519
2 0.244792 0.323148 0.0458333 0.05
7 0.772917 0.238426 0.0489583 0.234259
7 0.380208 0.234722 0.0520833 0.260185
7 0.156771 0.319444 0.0197917 0.0944444
7 0.634115 0.227778 0.0578125 0.294444
1 0.88099 0.363889 0.0161458 0.0277778
