0 0.728317 0.323873 0.033991 0.075524
0 0.695052 0.305556 0.031771 0.061111
0 0.818229 0.317593 0.025000 0.059259
7 0.362760 0.283333 0.017188 0.081481
2 0.009896 0.367593 0.019792 0.092593
3 0.013281 0.365741 0.009896 0.088889
0 0.773438 0.325926 0.042708 0.092593
7 0.512500 0.272685 0.025000 0.121296
0 0.186719 0.337963 0.025521 0.066667
1 0.316146 0.352778 0.016667 0.031482
7 0.880729 0.226389 0.073958 0.402778
14 0.466627 0.296646 0.201651 0.060797
13 0.455425 0.208595 0.056604 0.052411
6 0.658255 0.301363 0.025943 0.053459
6 0.335142 0.494759 0.002358 0.000000