7 0.889323 0.273148 0.0296875 0.174074
1 0.614844 0.328241 0.0119792 0.0175926
6 0.146615 0.355556 0.0213542 0.0462963
0 0.868229 0.325463 0.0489583 0.108333
3 0.226042 0.322222 0.00625 0.0648148
7 0.161198 0.3125 0.0348958 0.126852
7 0.873958 0.266667 0.053125 0.172222
6 0.868229 0.327315 0.0489583 0.106481
0 0.539844 0.304167 0.0213542 0.0564815
7 0.813021 0.272685 0.0375 0.152778
2 0.197135 0.331481 0.0619792 0.0759259
1 0.95599 0.380093 0.0161458 0.0305556
7 0.772917 0.269444 0.0364583 0.162963
7 0.574479 0.281019 0.0322917 0.108333
6 0.508073 0.313426 0.0317708 0.0583333
6 0.192708 0.35787 0.0427083 0.0824074
0 0.472396 0.310648 0.03125 0.0805556
7 0.0364583 0.281481 0.071875 0.535185
