7 0.990426 0.237509 0.019147 0.421316
0 0.965365 0.365278 0.027604 0.058333
0 0.863135 0.327861 0.049187 0.116833
0 0.128125 0.371759 0.029167 0.071296
1 0.982552 0.382407 0.014063 0.029630
4 0.837760 0.322685 0.014063 0.030556
7 0.212500 0.306481 0.033333 0.107407
1 0.933594 0.376389 0.016146 0.030556
7 0.815885 0.167593 0.057813 0.140741
0 0.191927 0.350926 0.038021 0.100000
0 0.094010 0.378704 0.051562 0.146296
7 0.304688 0.247222 0.058333 0.305556
6 0.809896 0.350463 0.080208 0.173148
1 0.284670 0.343648 0.010849 0.017610
14 0.427123 0.288260 0.410377 0.109015