7 0.0411458 0.333333 0.0239583 0.131481
12 0.0643229 0.516204 0.127604 0.087963
12 0.170312 0.475926 0.2625 0.118519
7 0.171615 0.323148 0.0203125 0.0796296
7 0.748698 0.286111 0.0307292 0.116667
7 0.0864583 0.339815 0.0239583 0.0981481
7 0.0507812 0.321296 0.0286458 0.146296
7 0.31276 0.309722 0.0390625 0.0824074
7 0.836198 0.262963 0.0296875 0.172222
7 0.205469 0.318056 0.0286458 0.087963
7 0.0697917 0.320833 0.025 0.149074
6 0.367188 0.350463 0.1125 0.276852
7 0.100781 0.312037 0.0307292 0.155556
7 0.807031 0.256019 0.0348958 0.182407
7 0.146094 0.329167 0.0286458 0.0972222
1 0.120052 0.38287 0.0140625 0.0231481
0 0.879948 0.349074 0.0828125 0.168519
0 0.367448 0.35787 0.118229 0.267593
7 0.630208 0.240741 0.096875 0.311111
0 0.564062 0.304167 0.0927083 0.247222
