7 0.579167 0.285185 0.020833 0.088889
0 0.970833 0.501389 0.056250 0.730556
7 0.545833 0.280556 0.015625 0.075926
6 0.073438 0.373611 0.073958 0.154630
0 0.574219 0.312963 0.024479 0.051852
7 0.561979 0.281019 0.017708 0.078704
7 0.857375 0.283796 0.027958 0.136111
0 0.008854 0.480093 0.016667 0.262037
7 0.639063 0.276852 0.022917 0.079630
7 0.522917 0.279167 0.014583 0.073148
4 0.096094 0.306019 0.011979 0.028704
7 0.688542 0.280093 0.023958 0.106481
0 0.073177 0.376389 0.076563 0.152778
7 0.060417 0.317130 0.085417 0.267593
7 0.594010 0.281944 0.019271 0.087963
3 0.008594 0.363889 0.014063 0.148148
7 0.897396 0.282407 0.031250 0.146296
3 0.115885 0.336111 0.011979 0.125926
0 0.929948 0.350000 0.058854 0.172222
1 0.949740 0.459259 0.046354 0.094444
2 0.060417 0.349537 0.119792 0.154630
7 0.165885 0.261574 0.057813 0.293519
0 0.631250 0.313426 0.038542 0.089815
14 0.750236 0.290356 0.212264 0.052411
1 0.592096 0.317997 0.005934 0.011956