7 0.396875 0.288426 0.017708 0.082407
7 0.432292 0.283333 0.017708 0.085185
7 0.404167 0.287500 0.020833 0.089815
7 0.424479 0.283796 0.017708 0.082407
7 0.468750 0.288426 0.019792 0.080556
7 0.447396 0.284259 0.021875 0.085185
0 0.402865 0.318981 0.020313 0.045370
7 0.872396 0.310185 0.014583 0.074074
7 0.735937 0.272222 0.028125 0.124074
0 0.577865 0.312037 0.041146 0.085185
0 0.538021 0.309259 0.032292 0.072222
6 0.700260 0.331944 0.067187 0.143519
7 0.511719 0.276852 0.025521 0.101852
7 0.366146 0.287500 0.015625 0.086111
7 0.020313 0.336574 0.040625 0.230556
14 0.587500 0.294549 0.216981 0.048218
1 0.330189 0.325297 0.006289 0.008386
1 0.434552 0.320405 0.007469 0.012579
1 0.849725 0.339273 0.010613 0.015374
1 0.868200 0.343117 0.007469 0.023061
1 0.882154 0.344514 0.007862 0.020266
0 0.806879 0.315863 0.024764 0.056604
6 0.778577 0.313068 0.023978 0.060797
0 0.949371 0.337526 0.013365 0.066387
0 0.932272 0.326695 0.012972 0.058700
0 0.977869 0.342767 0.010613 0.065688
0 0.989465 0.343117 0.010220 0.062194
7 0.761871 0.274633 0.015723 0.126485
7 0.898664 0.281621 0.013365 0.038435
7 0.785259 0.247030 0.018475 0.065688
7 0.869969 0.417191 0.000000 0.002096