4 0.992708 0.347222 0.012500 0.029630
9 0.332292 0.287963 0.015625 0.024074
7 0.219531 0.304630 0.020313 0.109259
6 0.333594 0.336574 0.048438 0.095370
4 0.947396 0.237500 0.018750 0.049074
7 0.326042 0.264815 0.056250 0.194444
7 0.011979 0.317130 0.021875 0.263889
7 0.248698 0.269672 0.048437 0.245842
6 0.951563 0.344025 0.096874 0.289728
0 0.488802 0.308796 0.071354 0.178704
7 0.430990 0.257870 0.095312 0.237963
13 0.481958 0.068134 0.109670 0.127883
14 0.559788 0.271488 0.413915 0.115304
13 0.785024 0.538784 0.001179 0.008386
7 0.901769 0.275681 0.041274 0.182390