7 0.618750 0.242593 0.033333 0.166667
7 0.654688 0.246759 0.043750 0.175000
0 0.106771 0.374712 0.085417 0.267243
7 0.959635 0.287037 0.036979 0.175926
7 0.703646 0.218519 0.097917 0.409259
0 0.506510 0.323148 0.083854 0.209259
7 0.827083 0.237500 0.076042 0.365741
14 0.331014 0.297694 0.569575 0.155136
13 0.379363 0.040881 0.159198 0.081761
7 0.129363 0.192872 0.045991 0.069182
7 0.765566 0.182390 0.044811 0.115304
7 0.878184 0.266247 0.017689 0.064990
6 0.762618 0.308176 0.057783 0.148847
6 0.829835 0.787212 0.001179 0.000000
1 0.835509 0.351465 0.012185 0.026303