0 0.490365 0.314815 0.031771 0.070370
7 0.109115 0.322685 0.018229 0.095370
7 0.126302 0.319444 0.018229 0.090741
6 0.597917 0.306019 0.023958 0.050926
3 0.867188 0.312963 0.008333 0.072222
0 0.685677 0.308796 0.023438 0.052778
1 0.517708 0.336111 0.014583 0.025926
3 0.792708 0.301852 0.008333 0.072222
7 0.494531 0.241667 0.051562 0.212963
7 0.393750 0.272685 0.030208 0.137963
0 0.549219 0.312963 0.047396 0.112963
2 0.830208 0.309259 0.081250 0.075926
13 0.337500 0.216981 0.056604 0.064990
14 0.328815 0.306024 0.183101 0.046011
13 0.251415 0.655136 0.002358 0.002096
1 0.919930 0.356880 0.008703 0.021661
7 0.634900 0.304274 0.016536 0.043323
1 0.578625 0.318642 0.008703 0.014853