1 0.784896 0.331481 0.009375 0.0185185
0 0.471615 0.300926 0.0359375 0.0907407
0 0.360677 0.315741 0.0317708 0.0925926
7 0.540885 0.270833 0.0234375 0.112037
7 0.515365 0.271296 0.0255208 0.114815
1 0.934115 0.35787 0.0109375 0.0194444
7 0.163802 0.200463 0.0557292 0.289815
7 0.20651 0.199074 0.0567708 0.194444
3 0.793229 0.296759 0.0114583 0.0953704
6 0.266927 0.331944 0.0557292 0.134259
0 0.267448 0.329167 0.0557292 0.143519
1 0.34349 0.361111 0.0192708 0.0314815
3 0.690625 0.290741 0.0114583 0.105556
1 0.375781 0.351852 0.0171875 0.0314815
7 0.330469 0.250463 0.0526042 0.262037
2 0.741667 0.296296 0.116667 0.0981481
