4 0.789844 0.263889 0.008854 0.022222
6 0.779948 0.305730 0.054688 0.129280
7 0.896615 0.270370 0.036979 0.216667
7 0.858073 0.267593 0.032813 0.211111
0 0.233854 0.334259 0.112500 0.266667
7 0.935677 0.276852 0.036979 0.224074
7 0.349479 0.290278 0.117708 0.349074
0 0.572917 0.310185 0.069792 0.181481
7 0.450260 0.212500 0.064062 0.415741
7 0.178906 0.243981 0.122396 0.480556
6 0.734316 0.303983 0.045991 0.117400
4 0.729599 0.265199 0.010613 0.018868
13 0.458373 0.055556 0.126179 0.111111
14 0.392925 0.279874 0.438679 0.169811
7 0.653538 0.232704 0.028302 0.081761
7 0.073349 0.218029 0.037736 0.132075
1 0.036792 0.406709 0.016509 0.027254