7 0.538281 0.274074 0.0182292 0.0944444
6 0.578125 0.306481 0.0291667 0.0648148
6 0.642448 0.310185 0.0286458 0.0592593
6 0.558073 0.302315 0.0234375 0.0583333
6 0.795573 0.320833 0.0286458 0.0527778
0 0.166927 0.347685 0.0380208 0.0990741
7 0.626302 0.279167 0.0192708 0.0842593
3 0.04375 0.361574 0.009375 0.0731481
7 0.349479 0.260648 0.0291667 0.14537
6 0.166927 0.354167 0.0390625 0.0935185
0 0.336458 0.319444 0.0229167 0.0574074
7 0.604688 0.274537 0.0270833 0.128704
0 0.642448 0.309722 0.0286458 0.062037
2 0.0255208 0.368056 0.0447917 0.0824074
1 0.707292 0.331944 0.0114583 0.0175926
1 0.753385 0.333796 0.0109375 0.0194444
7 0.522396 0.278704 0.0291667 0.107407
7 0.0153646 0.347222 0.0286458 0.148148
7 0.375781 0.271759 0.0276042 0.143519
7 0.231771 0.287037 0.034375 0.172222
7 0.279948 0.267593 0.0338542 0.187037
