7 0.0447917 0.356019 0.0229167 0.0824074
12 0.163542 0.431019 0.1125 0.075
12 0.0408854 0.489815 0.0807292 0.0851852
7 0.447917 0.293056 0.0291667 0.0861111
0 0.572656 0.309259 0.0223958 0.05
3 0.721094 0.297222 0.00885417 0.0592593
7 0.180469 0.325926 0.0223958 0.103704
7 0.315885 0.312963 0.0348958 0.187037
7 0.114583 0.3375 0.025 0.0898148
7 0.207031 0.306019 0.0171875 0.0657407
3 0.653125 0.29537 0.00729167 0.0611111
0 0.671354 0.312037 0.0208333 0.0481481
7 0.936198 0.323148 0.0130208 0.0666667
1 0.789583 0.347222 0.0145833 0.0240741
2 0.686979 0.298611 0.0729167 0.062037
7 0.813802 0.275 0.0494792 0.181481
7 0.890625 0.264352 0.0375 0.237963
0 0.744271 0.316204 0.0333333 0.0861111
