0 0.383854 0.331481 0.056250 0.138889
7 0.245052 0.299074 0.019271 0.098148
6 0.026042 0.377778 0.032292 0.068518
7 0.200521 0.309259 0.019792 0.087037
7 0.007292 0.349074 0.014583 0.138889
4 0.989062 0.347685 0.018750 0.050926
0 0.575260 0.316204 0.102604 0.276852
6 0.860937 0.336746 0.171875 0.489471
4 0.861198 0.156019 0.046354 0.087963
7 0.079948 0.293981 0.054688 0.308333
13 0.581014 0.046646 0.154481 0.093291
14 0.692453 0.271488 0.563679 0.180294
1 0.617007 0.330189 0.011792 0.017470
6 0.983753 0.355812 0.032494 0.392499