0 0.947396 0.336111 0.040625 0.094444
0 0.032031 0.375000 0.052604 0.179630
1 0.936458 0.370370 0.015625 0.024074
4 0.879427 0.283333 0.014063 0.027778
0 0.153125 0.355093 0.068750 0.171296
6 0.862760 0.325000 0.096354 0.144444
1 0.964323 0.371759 0.016146 0.026852
7 0.035677 0.295370 0.050521 0.275926
7 0.741927 0.252778 0.054688 0.242593
0 0.241927 0.355093 0.119271 0.339815
7 0.306771 0.226389 0.078125 0.430556
14 0.444811 0.280448 0.500000 0.122543
4 0.825809 0.278377 0.010950 0.025457
1 0.415845 0.332126 0.011078 0.017153
1 0.333726 0.338270 0.009510 0.018259
1 0.079960 0.379184 0.006847 0.014878