0 0.223177 0.343519 0.038021 0.116667
7 0.040885 0.328704 0.020313 0.100000
0 0.144271 0.362394 0.041667 0.109974
4 0.686458 0.197222 0.030208 0.059259
0 0.980208 0.348148 0.039583 0.140741
7 0.960417 0.244444 0.057292 0.312963
7 0.304427 0.228704 0.073438 0.366667
6 0.696354 0.345833 0.137500 0.245370
0 0.190885 0.362037 0.073438 0.194444
1 0.333512 0.341624 0.012864 0.023823
6 0.897834 0.328759 0.060034 0.148656
4 0.882022 0.271584 0.009112 0.026682
4 0.899979 0.328283 0.008576 0.020011
4 0.748821 0.315418 0.010720 0.041929
14 0.501930 0.280637 0.481775 0.103869
1 0.256368 0.342390 0.008019 0.015094