7 0.627083 0.283796 0.014583 0.065741
7 0.583073 0.289352 0.013021 0.056481
7 0.602865 0.284259 0.015104 0.066667
7 0.796094 0.295833 0.017188 0.073148
3 0.491406 0.291667 0.006771 0.055556
7 0.766927 0.288426 0.018229 0.078704
7 0.193490 0.299537 0.020313 0.117593
0 0.301823 0.319907 0.021354 0.047222
1 0.412500 0.337963 0.013542 0.025926
7 0.420573 0.259259 0.034896 0.170370
6 0.209635 0.336111 0.021354 0.042593
0 0.865625 0.328704 0.023958 0.062963
2 0.458073 0.297222 0.071354 0.061111
7 0.513281 0.245370 0.049479 0.214815
0 0.375521 0.315278 0.037500 0.091667
13 0.100472 0.245283 0.040094 0.075472
14 0.089859 0.343816 0.141509 0.054507
1 0.250677 0.340417 0.007494 0.015472
1 0.485785 0.318068 0.006286 0.012034
1 0.628179 0.319142 0.006286 0.010745
1 0.651025 0.316349 0.006044 0.008596
1 0.682695 0.322795 0.007494 0.014613