4 0.938542 0.289815 0.013542 0.025926
7 0.740625 0.197222 0.034375 0.127778
0 0.224479 0.339518 0.100000 0.276520
7 0.935677 0.232870 0.044271 0.187963
7 0.141146 0.300463 0.140625 0.210185
7 0.970833 0.278241 0.058333 0.541667
0 0.646615 0.321296 0.082812 0.216667
14 0.456604 0.278826 0.580189 0.159329
13 0.517335 0.038784 0.168632 0.077568
6 0.877005 0.327044 0.050708 0.146751
6 0.928302 0.333333 0.051887 0.138365
1 0.957193 0.379455 0.017689 0.037736
7 0.284434 0.183438 0.035377 0.050314
11 0.801533 0.315514 0.036557 0.100629