7 0.133594 0.312963 0.0296875 0.127778
0 0.885677 0.336574 0.0203125 0.0527778
1 0.888281 0.344907 0.0151042 0.0305556
1 0.868229 0.353704 0.0114583 0.0222222
7 0.144792 0.315278 0.0270833 0.126852
1 0.890885 0.351389 0.0119792 0.0231481
7 0.167708 0.309722 0.025 0.130556
6 0.830469 0.336111 0.0734375 0.135185
4 0.841406 0.264352 0.0130208 0.0268519
0 0.113281 0.394907 0.0557292 0.125
0 0.263802 0.343519 0.0640625 0.161111
7 0.915885 0.2875 0.0380208 0.182407
0 0.829948 0.340278 0.0671875 0.136111
0 0.502865 0.315741 0.103646 0.285185
7 0.401302 0.256481 0.0640625 0.27963
