6 0.232292 0.324074 0.035417 0.074074
7 0.222396 0.298148 0.016667 0.055556
7 0.228906 0.317593 0.032813 0.081481
7 0.029687 0.338889 0.020833 0.179630
12 0.136719 0.462963 0.273438 0.118519
7 0.952865 0.274074 0.035937 0.172222
7 0.919271 0.275463 0.029167 0.149074
7 0.257552 0.308796 0.018229 0.075000
7 0.432552 0.260648 0.028646 0.089815
7 0.149479 0.307407 0.022917 0.127778
1 0.193490 0.364815 0.014063 0.020370
0 0.322135 0.341667 0.086979 0.216667
7 0.721875 0.131944 0.066667 0.187963
0 0.873698 0.353241 0.095312 0.234259
7 0.127083 0.312500 0.023958 0.137963
7 0.182292 0.300463 0.027083 0.137963
0 0.510417 0.302315 0.076042 0.213889
6 0.716927 0.323148 0.110937 0.231481
14 0.646462 0.264151 0.297170 0.106918
2 0.091627 0.360587 0.057783 0.064990