6 0.753906 0.315741 0.031771 0.081481
0 0.777604 0.323148 0.039583 0.116667
0 0.754427 0.310648 0.034896 0.091667
0 0.916406 0.345833 0.026562 0.065741
3 0.025000 0.368056 0.009375 0.087963
7 0.650000 0.292593 0.035417 0.111111
6 0.716667 0.319907 0.034375 0.065741
1 0.875781 0.358796 0.016146 0.028704
1 0.182552 0.386574 0.019271 0.037963
2 0.014323 0.375463 0.028646 0.100926
0 0.820052 0.337500 0.079687 0.204630
0 0.212760 0.339352 0.045312 0.125000
7 0.075000 0.286111 0.047917 0.287037
13 0.467807 0.196017 0.062500 0.073375
14 0.485640 0.288028 0.219321 0.054153
1 0.345786 0.329426 0.007364 0.006744