7 0.0294271 0.365278 0.0223958 0.117593
0 0.975 0.733796 0.05 0.386111
7 0.694531 0.139815 0.0682292 0.262963
6 0.546875 0.306944 0.190625 0.310185
7 0.967448 0.278704 0.0640625 0.238889
3 0.260677 0.319907 0.0078125 0.062037
7 0.140885 0.340741 0.0161458 0.0685185
0 0.108854 0.365278 0.0208333 0.0564815
3 0.198698 0.330556 0.0078125 0.062963
6 0.0554687 0.387963 0.0223958 0.0518519
7 0.621094 0.122685 0.0713542 0.226852
0 0.547656 0.303704 0.192188 0.307407
2 0.229167 0.326852 0.06875 0.0648148
1 0.567448 0.485185 0.0786458 0.135185
1 0.667708 0.767593 0.19375 0.344444
7 0.336198 0.22963 0.132812 0.442593
7 0.718229 0.260648 0.203125 0.499074
