12 0.0539063 0.412037 0.106771 0.0462963
7 0.0145833 0.345833 0.0239583 0.110185
0 0.385156 0.383796 0.0651042 0.115741
7 0.0341146 0.346759 0.0203125 0.110185
6 0.389323 0.387963 0.0651042 0.0962963
6 0.135417 0.391204 0.0510417 0.100926
0 0.135156 0.38287 0.0526042 0.117593
6 0.786198 0.343981 0.114063 0.339815
4 0.750781 0.312963 0.0223958 0.0481481
6 0.60651 0.352778 0.174479 0.374074
4 0.603125 0.143056 0.053125 0.0898148
0 0.31276 0.328241 0.0953125 0.299074
7 0.932031 0.294907 0.135937 0.569444
