1 0.978125 0.374537 0.0104167 0.0194444
7 0.436458 0.280556 0.0135417 0.0722222
7 0.929167 0.347685 0.0625 0.149074
7 0.5125 0.272685 0.0166667 0.0768519
1 0.952344 0.356019 0.00885417 0.0157407
0 0.510938 0.310648 0.025 0.0509259
7 0.534375 0.278704 0.0166667 0.0907407
7 0.527604 0.278704 0.0166667 0.0851852
7 0.636458 0.262037 0.0375 0.162963
0 0.908073 0.3375 0.0213542 0.062037
7 0.0960938 0.280556 0.0453125 0.307407
7 0.48776 0.278704 0.0151042 0.0722222
7 0.857813 0.241204 0.040625 0.175
7 0.989844 0.286111 0.0203125 0.183333
0 0.638542 0.312037 0.0427083 0.0833333
0 0.846875 0.339815 0.065625 0.164815
7 0.564062 0.274074 0.0260417 0.116667
0 0.592448 0.309259 0.0296875 0.0740741
7 0.0609375 0.264815 0.0729167 0.427778
7 0.15625 0.249074 0.0510417 0.355556
