7 0.120312 0.368056 0.069792 0.115741
6 0.423438 0.337963 0.080208 0.242593
12 0.871005 0.462606 0.254509 0.119657
7 0.935156 0.222222 0.031771 0.137037
0 0.369271 0.322685 0.030208 0.076852
7 0.209115 0.325000 0.019271 0.055556
3 0.150260 0.336111 0.008854 0.070370
4 0.389583 0.316204 0.014583 0.036111
3 0.088021 0.352778 0.010417 0.070370
7 0.011458 0.358333 0.019792 0.101852
7 0.385417 0.268056 0.046875 0.184259
2 0.120052 0.347685 0.070313 0.060185
7 0.129688 0.239815 0.062500 0.451852
0 0.275521 0.330093 0.034375 0.093519
7 0.501302 0.240278 0.217187 0.467593
0 0.681250 0.312500 0.156250 0.434259
7 0.309847 0.289458 0.015583 0.083109
7 0.047675 0.341120 0.017689 0.131027
7 0.057362 0.342992 0.015162 0.118299
7 0.072945 0.339997 0.016846 0.116801
7 0.186026 0.331012 0.009687 0.053908
11 0.906882 0.321279 0.074545 0.205151
6 0.551784 0.306595 0.093995 0.236728