0 0.903125 0.337500 0.020833 0.043519
1 0.889844 0.307407 0.011979 0.027778
0 0.839583 0.326852 0.021875 0.046296
0 0.723177 0.307407 0.038021 0.079630
0 0.208594 0.337037 0.026562 0.074074
7 0.930729 0.288426 0.023958 0.154630
7 0.958594 0.291667 0.025521 0.161111
7 0.581510 0.254167 0.036979 0.187963
0 0.318229 0.325000 0.039583 0.098148
0 0.488021 0.378241 0.244792 0.667593
7 0.182031 0.239815 0.061979 0.370370
7 0.270052 0.234722 0.058854 0.341667
7 0.374219 0.211111 0.063021 0.409259
14 0.454245 0.285115 0.242925 0.067086
13 0.425354 0.177149 0.043632 0.064990
6 0.671816 0.298742 0.043632 0.102725
1 0.782170 0.335136 0.014340 0.021551
1 0.821651 0.341971 0.010849 0.020126
4 0.671887 0.275723 0.010377 0.018449