2 0.033073 0.358333 0.066146 0.155556
4 0.771615 0.275926 0.010937 0.025926
7 0.059375 0.311574 0.057292 0.239815
1 0.908854 0.350000 0.010417 0.018519
7 0.806918 0.280487 0.019497 0.120508
7 0.497656 0.283333 0.025521 0.085185
7 0.022656 0.321296 0.042188 0.257407
7 0.524740 0.287500 0.024479 0.084259
7 0.446354 0.287963 0.021875 0.081481
6 0.488281 0.325985 0.045312 0.083452
7 0.574219 0.282407 0.025521 0.098148
0 0.776302 0.308459 0.057812 0.177527
0 0.606250 0.313426 0.030208 0.065741
7 0.101302 0.310648 0.043229 0.226852
0 0.058333 0.398611 0.044792 0.100926
14 0.692453 0.295597 0.117925 0.041929
1 0.581973 0.316454 0.005745 0.010751
1 0.889695 0.346826 0.010281 0.016664
1 0.919932 0.352470 0.007257 0.012901
7 0.909500 0.322905 0.022678 0.076332
7 0.834059 0.286889 0.022375 0.119336
0 0.933690 0.339300 0.015421 0.063968
0 0.981767 0.346288 0.015421 0.057518