0 0.85599 0.332407 0.0296875 0.0685185
7 0.421094 0.291204 0.0234375 0.110185
2 0.370313 0.303704 0.0583333 0.0462963
6 0.364844 0.325926 0.0338542 0.0666667
7 0.73099 0.224537 0.0296875 0.075
0 0.884896 0.330556 0.03125 0.0703704
7 0.379948 0.283796 0.0192708 0.0805556
0 0.364844 0.327315 0.0317708 0.0638889
7 0.401563 0.283333 0.0177083 0.0907407
7 0.0591146 0.304167 0.0473958 0.258333
7 0.939062 0.258333 0.0645833 0.305556
7 0.463542 0.205556 0.0822917 0.401852
7 0.559375 0.201389 0.0510417 0.386111
