7 0.658073 0.2625 0.0130208 0.0268519
7 0.0158854 0.35463 0.0192708 0.116667
4 0.332552 0.275 0.0182292 0.0314815
6 0.3375 0.343981 0.0666667 0.149074
0 0.701042 0.310648 0.0354167 0.0657407
6 0.754167 0.310185 0.0333333 0.0685185
1 0.853125 0.340741 0.0114583 0.0185185
1 0.813281 0.335648 0.0119792 0.0194444
7 0.713281 0.269444 0.0296875 0.125926
7 0.365365 0.250463 0.0380208 0.217593
7 0.00911458 0.355093 0.0182292 0.134259
7 0.596875 0.267593 0.0239583 0.12037
7 0.391667 0.242593 0.05 0.242593
0 0.754167 0.309722 0.034375 0.0694444
0 0.336458 0.337037 0.0635417 0.161111
7 0.303906 0.256944 0.0359375 0.221296
