6 0.797656 0.325463 0.092188 0.249074
6 0.164062 0.354167 0.030208 0.075000
4 0.794792 0.230556 0.021875 0.046296
6 0.929948 0.359259 0.111979 0.235185
0 0.164583 0.354167 0.029167 0.078704
7 0.969792 0.278704 0.057292 0.285185
6 0.684375 0.331944 0.104167 0.202778
0 0.929688 0.352315 0.112500 0.250926
7 0.187760 0.315278 0.046354 0.189815
7 0.763802 0.123148 0.072396 0.242593
7 0.711979 0.107870 0.071875 0.206481
7 0.861719 0.203241 0.081771 0.400926
14 0.368750 0.274633 0.298349 0.134172
12 0.133159 0.377768 0.045257 0.017020