7 0.291406 0.319907 0.0223958 0.0601852
1 0.123438 0.372685 0.0104167 0.0175926
0 0.68776 0.313889 0.0338542 0.062963
7 0.104427 0.339815 0.0182292 0.0777778
0 0.751562 0.311111 0.028125 0.0592593
1 0.746354 0.32963 0.0135417 0.0203704
7 0.147396 0.32963 0.025 0.0796296
12 0.0848958 0.439815 0.16875 0.0703704
7 0.0882813 0.322685 0.0223958 0.119444
0 0.197917 0.349074 0.05625 0.15
2 0.0359375 0.36713 0.0479167 0.0583333
7 0.813281 0.270833 0.0307292 0.147222
0 0.326042 0.317593 0.0552083 0.157407
0 0.548698 0.326389 0.0796875 0.180556
0 0.721615 0.310185 0.0286458 0.0740741
7 0.118229 0.313889 0.025 0.122222
7 0.772656 0.264352 0.0307292 0.156481
7 0.06875 0.328704 0.025 0.122222
7 0.507292 0.225463 0.0625 0.278704
7 0.963802 0.293519 0.0307292 0.190741
7 0.92474 0.287037 0.0328125 0.181481
