0 0.870573 0.341204 0.053646 0.112037
0 0.623438 0.305556 0.019792 0.040741
7 0.122135 0.325463 0.017188 0.086111
7 0.295312 0.307407 0.017708 0.070370
7 0.148177 0.316204 0.018229 0.089815
3 0.789323 0.305093 0.007813 0.056481
7 0.485677 0.273611 0.024479 0.099074
0 0.703385 0.313426 0.019271 0.045370
2 0.822656 0.310185 0.071354 0.066667
1 0.584635 0.328704 0.013021 0.022222
7 0.559375 0.257870 0.042708 0.176852
7 0.867708 0.215741 0.061458 0.390741
0 0.328125 0.322222 0.035417 0.088889
14 0.382901 0.297694 0.161557 0.054507
13 0.391745 0.219078 0.047170 0.060797
11 0.250983 0.319706 0.017689 0.076869
1 0.599953 0.317820 0.008962 0.014256
1 0.799245 0.328721 0.008491 0.014256
1 0.986142 0.365925 0.008480 0.013092