7 0.621354 0.288426 0.0166667 0.075
0 0.567708 0.304167 0.028125 0.062037
0 0.589583 0.305093 0.0208333 0.0527778
7 0.677865 0.287037 0.0276042 0.0962963
7 0.603385 0.286111 0.0203125 0.0777778
1 0.672917 0.327778 0.0114583 0.0185185
6 0.71276 0.312963 0.0276042 0.0537037
6 0.567708 0.306019 0.028125 0.0583333
0 0.507552 0.311111 0.0317708 0.0592593
1 0.628385 0.326852 0.0109375 0.0166667
6 0.127604 0.364352 0.0375 0.0898148
7 0.484896 0.284259 0.0239583 0.0925926
0 0.127604 0.361574 0.0375 0.0916667
7 0.00989583 0.344444 0.0197917 0.12963
3 0.977344 0.323148 0.0151042 0.15
7 0.548437 0.264815 0.03125 0.142593
2 0.983333 0.321759 0.03125 0.162037
1 0.29974 0.387963 0.0286458 0.0518519
7 0.170573 0.304167 0.0328125 0.189815
7 0.217448 0.250926 0.0463542 0.296296
7 0.357812 0.267593 0.136458 0.287037
