7 0.368229 0.157870 0.035417 0.095370
0 0.363281 0.337037 0.086979 0.216667
0 0.731250 0.319907 0.072917 0.200926
7 0.249740 0.224074 0.086979 0.437037
7 0.563802 0.212963 0.079687 0.414815
7 0.446875 0.227315 0.100000 0.443519
14 0.552712 0.265199 0.531840 0.153040
13 0.622288 0.051363 0.126179 0.102725
6 0.971344 0.346960 0.050708 0.148847
6 0.925354 0.331237 0.041274 0.129979
4 0.987264 0.297694 0.011792 0.029350
4 0.928892 0.287212 0.012972 0.025157
7 0.170047 0.348008 0.025943 0.039832
7 0.855189 0.246331 0.025943 0.062893
12 0.062228 0.456677 0.124456 0.066531