7 0.288802 0.311574 0.0119792 0.0527778
0 0.671354 0.306944 0.021875 0.0416667
7 0.595573 0.269444 0.0213542 0.107407
0 0.620313 0.312963 0.028125 0.0574074
7 0.302604 0.306019 0.015625 0.0601852
7 0.429948 0.286111 0.0276042 0.0907407
0 0.883854 0.32963 0.0291667 0.0685185
7 0.394531 0.29213 0.0255208 0.0842593
2 0.903646 0.325 0.0614583 0.0648148
7 0.219531 0.305093 0.0182292 0.0935185
6 0.410156 0.319444 0.0307292 0.0592593
7 0.239844 0.298611 0.0171875 0.0953704
7 0.495052 0.281481 0.0244792 0.0962963
0 0.771354 0.32037 0.04375 0.087037
7 0.197656 0.309722 0.0171875 0.0935185
6 0.620313 0.315741 0.0270833 0.05
7 0.972917 0.249074 0.05 0.468519
7 0.255208 0.298148 0.0177083 0.0962963
1 0.861198 0.350926 0.0151042 0.0259259
