7 0.989844 0.259259 0.020312 0.301852
6 0.465885 0.320370 0.104687 0.251852
7 0.412500 0.210648 0.090625 0.363889
7 0.585938 0.136574 0.039583 0.095370
0 0.465885 0.313426 0.104687 0.276852
7 0.298438 0.243981 0.044792 0.306481
7 0.504427 0.122222 0.044271 0.135185
0 0.882552 0.334722 0.078646 0.247222
13 0.753184 0.045073 0.159198 0.090146
14 0.684198 0.268344 0.570755 0.155136
1 0.558457 0.324748 0.008423 0.013976
7 0.814966 0.152849 0.055746 0.104822
7 0.924850 0.208119 0.024657 0.085763
12 0.104003 0.423412 0.208006 0.037134