7 0.441667 0.290278 0.018750 0.076852
7 0.525000 0.268981 0.028125 0.123148
7 0.458594 0.291204 0.017188 0.078704
0 0.215365 0.334722 0.020313 0.047222
7 0.991927 0.275463 0.016146 0.215741
7 0.340625 0.276852 0.021875 0.133333
7 0.378646 0.271296 0.029167 0.129630
7 0.397917 0.271296 0.026042 0.122222
7 0.242188 0.290741 0.020833 0.116667
0 0.763021 0.325000 0.101042 0.207407
7 0.425260 0.288426 0.023438 0.080556
1 0.371094 0.339815 0.011979 0.020370
0 0.553906 0.302717 0.100521 0.290861
7 0.293229 0.285185 0.023958 0.135185
7 0.270573 0.285648 0.028646 0.134259
7 0.757292 0.239815 0.136458 0.387037
7 0.319010 0.275463 0.028646 0.137963
7 0.920573 0.228704 0.059896 0.387037
14 0.834552 0.264151 0.262972 0.155136
12 0.254569 0.437337 0.496954 0.102118