7 0.211458 0.301852 0.018750 0.088889
7 0.192188 0.300000 0.018750 0.118519
0 0.146875 0.349074 0.017708 0.044444
1 0.175781 0.366667 0.013021 0.020370
7 0.145313 0.296296 0.017708 0.101852
0 0.983594 0.346296 0.027604 0.066667
0 0.895052 0.330556 0.025521 0.050000
0 0.858510 0.326551 0.021187 0.056805
7 0.247656 0.294444 0.035937 0.101852
7 0.173958 0.297685 0.026042 0.137963
7 0.393750 0.248148 0.035417 0.190741
7 0.635938 0.209259 0.100000 0.412963
13 0.674573 0.128407 0.051504 0.090409
14 0.629953 0.271488 0.283019 0.094340
11 0.369929 0.301887 0.062500 0.205451
1 0.911114 0.351022 0.010318 0.023585
7 0.292689 0.301887 0.021226 0.098532
7 0.313915 0.303983 0.018868 0.090147
7 0.832783 0.270440 0.023585 0.056604
7 0.848113 0.276730 0.021226 0.052411
0 0.797995 0.323899 0.022406 0.071279
0 0.635259 0.718029 0.001179 0.000000
12 0.164491 0.414128 0.328982 0.099023