0 0.786979 0.312963 0.025 0.0518519
7 0.217969 0.293981 0.0244792 0.136111
7 0.29349 0.306019 0.0182292 0.0805556
7 0.20625 0.298611 0.021875 0.126852
7 0.739583 0.275 0.0333333 0.125926
3 0.951563 0.325 0.00729167 0.0611111
7 0.378125 0.288426 0.0260417 0.0935185
7 0.563021 0.251852 0.0333333 0.112963
7 0.33151 0.290741 0.0182292 0.0888889
0 0.64375 0.311111 0.040625 0.0888889
7 0.191927 0.302315 0.0276042 0.128704
6 0.580469 0.312963 0.0588542 0.109259
7 0.227604 0.293056 0.0260417 0.134259
7 0.249219 0.292593 0.0244792 0.135185
7 0.659896 0.268981 0.040625 0.143519
0 0.922396 0.340278 0.0385417 0.106481
7 0.084375 0.268981 0.0458333 0.330556
2 0.973698 0.333796 0.0526042 0.0731481
