7 0.127344 0.312500 0.027604 0.121296
0 0.551302 0.305093 0.025521 0.065741
3 0.186719 0.331944 0.011979 0.076852
6 0.129948 0.360185 0.025521 0.053704
7 0.942448 0.323611 0.051562 0.130556
7 0.220573 0.296296 0.028646 0.124074
0 0.264844 0.322440 0.067187 0.208822
0 0.598698 0.305093 0.027604 0.067593
7 0.191927 0.305556 0.026562 0.129630
7 0.107552 0.318981 0.024479 0.141667
2 0.163802 0.333796 0.075521 0.086111
7 0.442708 0.240741 0.040625 0.233333
7 0.491406 0.241667 0.052604 0.233333
7 0.388542 0.228241 0.098958 0.452778
14 0.736085 0.298742 0.231132 0.064990
13 0.720165 0.186583 0.057783 0.067086
7 0.151874 0.322961 0.024206 0.131303
7 0.693893 0.244511 0.028550 0.037515
7 0.864263 0.269889 0.024206 0.123579
7 0.974367 0.285336 0.035377 0.225091
6 0.912612 0.327265 0.035998 0.105925
4 0.907026 0.294163 0.009930 0.024275
1 0.677073 0.322851 0.006827 0.017654