0 0.155469 0.348611 0.034896 0.069444
1 0.329167 0.338889 0.011458 0.018519
2 0.007031 0.359259 0.014062 0.168519
1 0.207031 0.353704 0.011979 0.020370
7 0.156771 0.321296 0.029167 0.094444
7 0.863281 0.276389 0.035937 0.167593
7 0.887760 0.280556 0.031771 0.170370
3 0.007813 0.359259 0.014583 0.155556
7 0.128125 0.324074 0.023958 0.103704
0 0.818490 0.324074 0.030729 0.077778
0 0.094271 0.392593 0.110417 0.374074
7 0.247288 0.307128 0.017689 0.096436
7 0.273821 0.301887 0.014151 0.094340
7 0.297995 0.276730 0.024764 0.064990