0 0.962760 0.356944 0.052604 0.143519
6 0.816667 0.334259 0.031250 0.075926
7 0.793750 0.296296 0.037500 0.131481
6 0.961458 0.366667 0.052083 0.125926
6 0.857813 0.339815 0.035417 0.075926
6 0.909635 0.338426 0.047396 0.089815
1 0.086719 0.423611 0.028646 0.050926
0 0.221354 0.343056 0.058333 0.156481
7 0.078906 0.260648 0.057813 0.325000
2 0.044271 0.364815 0.087500 0.107407
14 0.594329 0.288580 0.261299 0.053050
13 0.570401 0.168763 0.060142 0.094340
1 0.435866 0.322457 0.006217 0.008841
11 0.392557 0.309931 0.026524 0.076625