7 0.828125 0.255093 0.022917 0.062037
7 0.826823 0.289352 0.030729 0.113889
7 0.887760 0.273148 0.020313 0.068518
7 0.238542 0.296296 0.040625 0.190741
7 0.744792 0.169444 0.028125 0.105556
6 0.945401 0.344435 0.055425 0.212980
4 0.987760 0.273611 0.017188 0.032407
0 0.532292 0.305556 0.076042 0.203704
7 0.276563 0.302315 0.089583 0.213889
7 0.394531 0.235648 0.063021 0.317593
14 0.540920 0.272537 0.482311 0.117400
13 0.489033 0.057652 0.140330 0.115304
7 0.802123 0.262055 0.016509 0.060797
6 0.984788 0.343816 0.030424 0.232704
4 0.950708 0.339623 0.014151 0.027254
4 0.931250 0.273585 0.010613 0.037736
12 0.130113 0.384731 0.166232 0.037134