1 0.048958 0.397222 0.008333 0.016667
4 0.903385 0.246759 0.013021 0.039815
0 0.058854 0.375463 0.015625 0.045370
1 0.194531 0.366667 0.015104 0.027778
0 0.961880 0.364274 0.075197 0.305931
7 0.954926 0.115002 0.016189 0.220744
0 0.865885 0.352315 0.061979 0.154630
7 0.309115 0.301389 0.018229 0.078704
6 0.926383 0.329461 0.052765 0.236306
6 0.318490 0.326389 0.020313 0.037963
3 0.386458 0.305093 0.007292 0.060185
6 0.227604 0.347685 0.027083 0.052778
3 0.457031 0.299537 0.006771 0.062037
7 0.335156 0.297685 0.020313 0.089815
7 0.634526 0.286574 0.029468 0.134259
0 0.291146 0.330556 0.022917 0.059259
7 0.889844 0.131481 0.057813 0.229630
2 0.420573 0.304167 0.076563 0.062037
14 0.770283 0.283019 0.117925 0.100629
12 0.697800 0.337197 0.074769 0.028132
1 0.020419 0.405875 0.009596 0.015869
7 0.671612 0.284591 0.037582 0.127999