7 0.373177 0.293981 0.019271 0.058333
7 0.326823 0.294907 0.024479 0.084259
0 0.262760 0.327315 0.025521 0.071296
1 0.978125 0.364815 0.009375 0.016667
1 0.471615 0.334259 0.016146 0.025926
0 0.777083 0.322685 0.028125 0.056481
3 0.012760 0.365278 0.011979 0.102778
2 0.010156 0.367593 0.020312 0.109259
0 0.717708 0.309814 0.022917 0.082678
3 0.964323 0.333796 0.008854 0.080556
2 0.979948 0.337963 0.039063 0.094444
7 0.119531 0.235185 0.094271 0.451852
0 0.234115 0.350926 0.078646 0.198148
13 0.468205 0.223270 0.049145 0.052411
14 0.475472 0.296646 0.179245 0.048218
0 0.670047 0.307128 0.023585 0.054507
6 0.642335 0.305031 0.022406 0.054507
0 0.815684 0.317610 0.020047 0.062893
0 0.848113 0.320755 0.016509 0.056604
0 0.866392 0.327044 0.017689 0.039832
1 0.740129 0.327820 0.008735 0.022517
1 0.687282 0.323162 0.006988 0.014753