0 0.48099 0.306481 0.0244792 0.0537037
7 0.69974 0.302778 0.0171875 0.0685185
7 0.657552 0.300463 0.0203125 0.0731481
7 0.811719 0.293981 0.0171875 0.0861111
7 0.636198 0.27963 0.0213542 0.111111
1 0.465625 0.325926 0.009375 0.0148148
7 0.458333 0.284722 0.0208333 0.0898148
7 0.378385 0.247685 0.0338542 0.208333
7 0.679948 0.300463 0.0161458 0.0657407
6 0.424479 0.323148 0.0510417 0.107407
1 0.527083 0.328241 0.0114583 0.0194444
0 0.425521 0.321296 0.0510417 0.111111
1 0.914583 0.372222 0.01875 0.0314815
0 0.0335938 0.38287 0.0296875 0.0916667
3 0.886198 0.301852 0.0171875 0.17037
2 0.938281 0.331481 0.120312 0.222222
