7 0.039583 0.340278 0.025000 0.110185
7 0.056250 0.334722 0.021875 0.108333
7 0.447396 0.278704 0.020833 0.098148
7 0.638021 0.255556 0.041667 0.161111
3 0.752083 0.302315 0.007292 0.054630
0 0.637240 0.308333 0.019271 0.040741
0 0.571615 0.311574 0.028646 0.062037
7 0.079687 0.331944 0.021875 0.110185
1 0.602083 0.330093 0.011458 0.021296
7 0.667448 0.248148 0.049479 0.220370
7 0.117969 0.274074 0.074479 0.322222
2 0.719531 0.303704 0.071354 0.055556
13 0.339859 0.224319 0.044811 0.071279
14 0.325118 0.306080 0.145047 0.062893
14 0.369929 0.551363 0.001179 0.000000
1 0.926023 0.350691 0.008703 0.015472
1 0.880331 0.342182 0.009574 0.017020
1 0.855962 0.339861 0.007833 0.012378