7 0.434635 0.283796 0.0192708 0.087963
7 0.423438 0.282407 0.0177083 0.0814815
7 0.757292 0.277315 0.021875 0.110185
0 0.402865 0.31713 0.0223958 0.0490741
6 0.694792 0.320833 0.0645833 0.152778
7 0.449219 0.283796 0.0244792 0.0842593
7 0.734115 0.269907 0.0255208 0.121296
0 0.534896 0.315741 0.0458333 0.0796296
7 0.469792 0.289352 0.0177083 0.0731481
7 0.871615 0.311574 0.0171875 0.0731481
7 0.404167 0.287963 0.0229167 0.0925926
6 0.534375 0.314815 0.0458333 0.0814815
0 0.69375 0.321759 0.0645833 0.152778
7 0.511198 0.280093 0.0234375 0.110185
7 0.0236979 0.331944 0.0442708 0.226852
