7 0.340885 0.206481 0.039063 0.116667
0 0.301562 0.330556 0.042708 0.111111
4 0.485938 0.306944 0.014583 0.032407
0 0.953125 0.341204 0.050000 0.117593
7 0.917969 0.250463 0.043229 0.243519
6 0.529688 0.339815 0.116667 0.211111
0 0.209896 0.348148 0.067708 0.181481
7 0.432552 0.225000 0.071354 0.318519
1 0.368032 0.335430 0.010720 0.016200
14 0.545047 0.287212 0.415094 0.090147
4 0.864665 0.284934 0.009574 0.026303
4 0.879896 0.328256 0.006963 0.013925
6 0.876414 0.326709 0.048738 0.125326
13 0.534378 0.102360 0.120104 0.112948