7 0.0888021 0.335185 0.0192708 0.0851852
7 0.154427 0.328241 0.0182292 0.0657407
6 0.20651 0.331481 0.0421875 0.0833333
12 0.0981771 0.431019 0.192188 0.102778
6 0.652865 0.30787 0.0234375 0.0490741
0 0.652604 0.306944 0.0239583 0.0490741
7 0.0122396 0.346296 0.0203125 0.12963
3 0.826563 0.309259 0.00833333 0.0648148
7 0.0348958 0.336111 0.025 0.125926
0 0.936719 0.346296 0.0328125 0.0925926
2 0.793229 0.311574 0.084375 0.0712963
7 0.76276 0.252778 0.0494792 0.222222
1 0.819271 0.351389 0.0145833 0.025
7 0.444271 0.244907 0.0375 0.237963
