3 0.35625 0.309722 0.00729167 0.0509259
4 0.320052 0.3 0.0109375 0.0166667
1 0.970312 0.331944 0.0135417 0.0305556
7 0.0117188 0.180556 0.0223958 0.138889
1 0.903385 0.356481 0.0109375 0.0185185
7 0.703906 0.229167 0.0286458 0.075
7 0.0117188 0.29537 0.0223958 0.377778
0 0.822656 0.331019 0.0286458 0.0712963
0 0.854688 0.329167 0.0333333 0.0731481
0 0.403385 0.318056 0.0390625 0.087963
2 0.328646 0.314352 0.059375 0.0509259
7 0.121354 0.323611 0.021875 0.113889
7 0.38776 0.287963 0.0338542 0.12037
6 0.320312 0.335185 0.0291667 0.0685185
7 0.94375 0.280556 0.0427083 0.212963
7 0.472135 0.23287 0.0578125 0.312037
7 0.28099 0.276852 0.0442708 0.207407
