7 0.440885 0.297222 0.019271 0.075926
7 0.094531 0.319444 0.022396 0.140741
12 0.278410 0.463034 0.548488 0.172080
0 0.320573 0.318519 0.023438 0.048148
7 0.379427 0.294907 0.031771 0.093519
7 0.354688 0.301852 0.029167 0.068518
7 0.256250 0.307870 0.018750 0.086111
7 0.109896 0.314815 0.022917 0.142593
2 0.986198 0.343519 0.027604 0.088889
7 0.761458 0.286111 0.040625 0.155556
7 0.815365 0.295370 0.034896 0.142593
7 0.129688 0.306944 0.022917 0.149074
7 0.271354 0.302778 0.025000 0.090741
7 0.159635 0.295370 0.023438 0.144444
7 0.186979 0.295370 0.025000 0.144444
7 0.220573 0.286111 0.028646 0.151852
14 0.691152 0.277204 0.104018 0.083164
13 0.727830 0.149895 0.042453 0.098532