1 0.377083 0.322685 0.009375 0.013889
0 0.150260 0.348611 0.022396 0.047222
7 0.732031 0.287963 0.016146 0.070370
7 0.016146 0.407870 0.032292 0.256481
7 0.130729 0.310185 0.020833 0.109259
7 0.754948 0.291204 0.018229 0.067593
1 0.413542 0.343056 0.013542 0.025000
7 0.407813 0.250463 0.051042 0.223148
3 0.369010 0.302315 0.007813 0.063889
6 0.241406 0.331944 0.022396 0.045370
0 0.843490 0.323611 0.027604 0.069444
2 0.403385 0.303241 0.074479 0.062037
0 0.307813 0.327315 0.036458 0.087963
7 0.515625 0.243981 0.042708 0.230556
14 0.042571 0.359539 0.085142 0.064990
13 0.033844 0.255765 0.034198 0.071279
1 0.641348 0.320446 0.008439 0.015941
1 0.606140 0.313647 0.006593 0.015472
1 0.583590 0.318570 0.006857 0.016879
1 0.554712 0.317632 0.006066 0.012190
1 0.435372 0.323024 0.005802 0.012659
1 0.192737 0.353500 0.011077 0.016410