1 0.866406 0.345833 0.009896 0.015741
6 0.937500 0.343981 0.027083 0.067593
2 0.130469 0.347685 0.030729 0.049074
0 0.127604 0.351852 0.017708 0.037037
1 0.115885 0.375463 0.009896 0.017593
0 0.799219 0.321296 0.028646 0.062963
0 0.827083 0.320833 0.022917 0.052778
7 0.171094 0.300000 0.023438 0.131481
7 0.153646 0.300000 0.022917 0.127778
0 0.937240 0.342130 0.026562 0.069444
7 0.888802 0.256019 0.063021 0.280556
14 0.516745 0.280922 0.341981 0.088050
13 0.540330 0.123690 0.094340 0.134172
13 0.491981 0.677149 0.002358 0.000000