0 0.401823 0.315278 0.035937 0.093519
3 0.276823 0.317130 0.007813 0.052778
1 0.895052 0.349074 0.010937 0.014815
0 0.941927 0.341204 0.021354 0.047222
0 0.983333 0.340278 0.028125 0.065741
1 0.869531 0.345370 0.010937 0.018519
2 0.254948 0.322685 0.052604 0.050926
7 0.234375 0.317130 0.015625 0.065741
7 0.376302 0.282407 0.039063 0.133333
7 0.295052 0.300463 0.015104 0.078704
6 0.309375 0.338426 0.036458 0.082407
7 0.522396 0.221759 0.083333 0.434259
7 0.594271 0.214352 0.077083 0.417593
14 0.557636 0.291405 0.287441 0.068134
13 0.559110 0.157757 0.028007 0.078616
7 0.747789 0.249476 0.029481 0.131027
7 0.788325 0.240959 0.025059 0.108753
6 0.811247 0.314334 0.027270 0.090409
6 0.786188 0.313679 0.028744 0.070755