7 0.889844 0.332407 0.0265625 0.0833333
6 0.966146 0.358796 0.0260417 0.0564815
6 0.169531 0.332407 0.0192708 0.0481481
0 0.821615 0.319444 0.0328125 0.0759259
4 0.748958 0.281944 0.0135417 0.0268519
0 0.889323 0.333796 0.0244792 0.0787037
1 0.86901 0.355093 0.0130208 0.025
3 0.19974 0.323148 0.00572917 0.0611111
6 0.822135 0.319907 0.0317708 0.075
6 0.748958 0.319907 0.040625 0.0898148
7 0.0893229 0.306944 0.0276042 0.171296
1 0.0966146 0.388426 0.0161458 0.025
1 0.909375 0.3625 0.0135417 0.025
3 0.263021 0.3125 0.00729167 0.062037
0 0.611458 0.310648 0.0614583 0.14537
7 0.728646 0.266204 0.0364583 0.14537
7 0.139062 0.304167 0.0302083 0.167593
0 0.357031 0.314815 0.0317708 0.0759259
2 0.23125 0.32037 0.0697917 0.062963
