7 0.198437 0.309259 0.018750 0.088889
0 0.902344 0.336111 0.032813 0.068518
7 0.730990 0.267130 0.025521 0.158333
0 0.767969 0.315741 0.026562 0.061111
7 0.175000 0.298148 0.020833 0.114815
1 0.122135 0.371759 0.009896 0.017593
7 0.151823 0.301389 0.026562 0.125000
7 0.958073 0.233333 0.068229 0.450000
7 0.478125 0.231481 0.047917 0.268519
14 0.502005 0.285115 0.314858 0.088050
13 0.519104 0.142558 0.077830 0.096436
12 0.108790 0.409487 0.217580 0.064984
0 0.819698 0.313603 0.015376 0.067047
0 0.834349 0.320308 0.017987 0.058795
0 0.875109 0.325207 0.013635 0.058279
1 0.834059 0.341453 0.009283 0.016504