1 0.880729 0.367130 0.016667 0.030556
0 0.953148 0.337890 0.053172 0.168665
4 0.568229 0.271759 0.017708 0.039815
7 0.719417 0.286574 0.041958 0.141667
6 0.571615 0.311574 0.066146 0.147222
7 0.903906 0.308333 0.022396 0.074074
2 0.314583 0.297685 0.064583 0.087963
7 0.315625 0.277315 0.040625 0.152778
3 0.345052 0.303241 0.005729 0.060185
1 0.314844 0.343519 0.014063 0.020370
0 0.572656 0.311574 0.068229 0.147222
1 0.892633 0.388332 0.024108 0.047410
0 0.280208 0.344907 0.060417 0.137963
13 0.628774 0.199161 0.040094 0.067086
14 0.658255 0.293501 0.132075 0.067086
6 0.778783 0.312297 0.033880 0.097808
6 0.742105 0.321691 0.031394 0.075704
12 0.880890 0.385349 0.113142 0.050285