7 0.319792 0.294444 0.0166667 0.0759259
1 0.784635 0.33287 0.0109375 0.0175926
1 0.820573 0.336111 0.0140625 0.0185185
0 0.951823 0.338889 0.0182292 0.0462963
7 0.661979 0.268981 0.028125 0.128704
7 0.692448 0.265278 0.0276042 0.132407
7 0.365885 0.291204 0.0203125 0.087963
7 0.406771 0.281481 0.028125 0.109259
6 0.446354 0.334722 0.0864583 0.189815
7 0.0666667 0.322685 0.0375 0.19537
1 0.176302 0.483333 0.0578125 0.114815
0 0.446094 0.333333 0.0869792 0.196296
0 0.294792 0.324537 0.0385417 0.0953704
