6 0.0273438 0.383796 0.0182292 0.0472222
0 0.721354 0.316204 0.03125 0.0601852
6 0.809115 0.328704 0.0296875 0.0555556
6 0.839583 0.334722 0.028125 0.0546296
0 0.840365 0.334722 0.0286458 0.0564815
1 0.73099 0.338426 0.0140625 0.0231481
0 0.364062 0.314815 0.021875 0.0518519
7 0.707292 0.25787 0.025 0.0601852
6 0.65625 0.311111 0.0333333 0.0703704
7 0.752865 0.260185 0.0171875 0.0574074
0 0.96901 0.361574 0.0296875 0.0675926
0 0.111719 0.366204 0.0359375 0.087963
7 0.661719 0.25 0.0223958 0.0685185
7 0.05 0.335648 0.0239583 0.123148
7 0.453385 0.268519 0.0255208 0.12963
0 0.65651 0.310648 0.0328125 0.0712963
1 0.785156 0.343056 0.0140625 0.025
7 0.397135 0.287037 0.0203125 0.0925926
3 0.0815104 0.352778 0.0078125 0.0685185
2 0.0559896 0.360185 0.0578125 0.0814815
0 0.339063 0.318056 0.0260417 0.0638889
7 0.253385 0.274537 0.0359375 0.178704
7 0.222656 0.287037 0.0276042 0.161111
7 0.62474 0.256481 0.0359375 0.177778
