6 0.367188 0.318056 0.021875 0.0509259
7 0.557031 0.253704 0.0223958 0.0796296
7 0.41849 0.286111 0.0223958 0.0962963
0 0.127083 0.374537 0.053125 0.119444
6 0.771094 0.311111 0.0380208 0.0888889
0 0.366927 0.318056 0.0223958 0.0527778
0 0.942708 0.346296 0.0302083 0.0666667
6 0.694271 0.313426 0.0416667 0.075
7 0.648438 0.263426 0.0302083 0.115741
1 0.901823 0.356944 0.0151042 0.025
7 0.946875 0.287037 0.0260417 0.112963
0 0.694531 0.313889 0.0411458 0.0740741
7 0.803906 0.288889 0.0348958 0.111111
7 0.448177 0.27963 0.0244792 0.12037
1 0.847396 0.350463 0.0135417 0.0212963
7 0.596354 0.257407 0.0239583 0.148148
7 0.0255208 0.344444 0.0416667 0.148148
7 0.73724 0.268981 0.0265625 0.149074
3 0.0703125 0.354167 0.009375 0.0787037
0 0.392448 0.316667 0.0296875 0.0703704
0 0.771094 0.310648 0.0369792 0.0916667
2 0.0382813 0.361111 0.0723958 0.1
7 0.250521 0.270833 0.040625 0.208333
7 0.304427 0.250463 0.0390625 0.243519
