7 0.652865 0.258333 0.0130208 0.0277778
4 0.810677 0.288889 0.0223958 0.0555556
0 0.588281 0.3 0.0213542 0.0648148
7 0.933854 0.283796 0.0291667 0.160185
7 0.526302 0.281019 0.0171875 0.0824074
7 0.682031 0.246759 0.0338542 0.112037
7 0.811198 0.286111 0.0234375 0.0592593
4 0.132552 0.303704 0.0119792 0.0259259
7 0.155729 0.270833 0.0427083 0.239815
0 0.534115 0.311574 0.0223958 0.0472222
6 0.135156 0.3625 0.0442708 0.113889
0 0.683854 0.320833 0.0395833 0.0842593
6 0.684115 0.318981 0.0411458 0.0861111
7 0.183594 0.283333 0.0421875 0.231481
7 0.503385 0.282407 0.0161458 0.0722222
7 0.845052 0.281481 0.0244792 0.138889
0 0.610417 0.310648 0.03125 0.0638889
7 0.472135 0.285185 0.0171875 0.0648148
3 0.0291667 0.358796 0.0145833 0.134259
6 0.811198 0.340278 0.0526042 0.117593
7 0.755469 0.276852 0.0265625 0.137037
7 0.616146 0.263889 0.0302083 0.131481
2 0.0802083 0.353241 0.115625 0.141667
7 0.107813 0.251852 0.0572917 0.364815
7 0.235938 0.250926 0.0541667 0.290741
