0 0.114583 0.362037 0.043750 0.114815
3 0.436198 0.293056 0.007813 0.084259
7 0.166406 0.274537 0.064062 0.250926
3 0.344531 0.300463 0.007813 0.078704
1 0.638021 0.360648 0.027083 0.047222
2 0.390365 0.299074 0.097396 0.085185
11 0.789741 0.310273 0.024764 0.079665
13 0.951887 0.209644 0.061321 0.088050
14 0.925825 0.322851 0.148349 0.088050
14 0.710731 0.635220 0.001179 0.000000
0 0.594575 0.299790 0.033019 0.111111
11 0.751415 0.300839 0.021226 0.067086
1 0.824111 0.335107 0.009978 0.024190
7 0.468715 0.285485 0.018729 0.066593