7 0.491146 0.266502 0.035417 0.141069
7 0.452865 0.265741 0.034896 0.142593
0 0.227604 0.335185 0.045833 0.150000
1 0.155469 0.429630 0.025521 0.055556
0 0.400000 0.308796 0.054167 0.121296
1 0.982813 0.372685 0.013542 0.025000
1 0.797917 0.343519 0.015625 0.024074
3 0.813021 0.300463 0.011458 0.112037
6 0.030729 0.399074 0.061458 0.292593
3 0.694010 0.286574 0.014063 0.134259
1 0.233073 0.398611 0.027604 0.050926
7 0.173958 0.239815 0.096875 0.468519
2 0.749219 0.292130 0.138021 0.130556
12 0.110096 0.429601 0.084421 0.068079
0 0.318103 0.315105 0.046127 0.120685