7 0.727604 0.115741 0.111458 0.190741
4 0.623177 0.308333 0.0192708 0.0407407
6 0.901563 0.343056 0.102083 0.284259
7 0.765365 0.227778 0.103646 0.392593
0 0.903385 0.343519 0.102604 0.294444
7 0.360677 0.270833 0.0494792 0.19537
3 0.0846354 0.353241 0.0119792 0.0805556
7 0.0177083 0.35463 0.0291667 0.122222
7 0.611719 0.233796 0.125521 0.365741
2 0.0458333 0.366204 0.0854167 0.0972222
6 0.6875 0.326389 0.147917 0.247222
0 0.26875 0.334722 0.0364583 0.102778
7 0.207552 0.290278 0.193229 0.565741
