7 0.466927 0.272222 0.023438 0.074074
7 0.417188 0.287500 0.021875 0.086111
0 0.910937 0.336111 0.020833 0.042593
7 0.397917 0.290278 0.018750 0.086111
7 0.764063 0.272685 0.036458 0.132407
7 0.380208 0.286111 0.020833 0.081481
0 0.405469 0.315741 0.027604 0.057407
7 0.522917 0.280093 0.025000 0.110185
0 0.800781 0.325926 0.077604 0.203704
0 0.461458 0.318519 0.038542 0.090741
1 0.838542 0.465741 0.059375 0.116667
7 0.081510 0.271296 0.065104 0.383333
14 0.586910 0.290356 0.239387 0.048218
1 0.866406 0.343729 0.007833 0.020114
1 0.894691 0.349144 0.012185 0.018567