6 0.305208 0.335648 0.03125 0.0657407
7 0.364844 0.2875 0.0213542 0.0972222
7 0.966406 0.370833 0.0578125 0.580556
0 0.303906 0.334259 0.0317708 0.0685185
6 0.840625 0.351389 0.046875 0.0990741
7 0.966146 0.261574 0.0239583 0.0731481
6 0.952604 0.352778 0.0604167 0.133333
0 0.351042 0.327315 0.0333333 0.0824074
4 0.220313 0.269907 0.0135417 0.0324074
7 0.25599 0.320833 0.0734375 0.184259
6 0.205208 0.358796 0.0875 0.186111
0 0.952865 0.351852 0.0598958 0.133333
0 0.204688 0.358796 0.0875 0.186111
7 0.910417 0.240278 0.05 0.343519
