7 0.310156 0.264815 0.026562 0.174074
6 0.023698 0.391667 0.017188 0.040741
6 0.814323 0.323611 0.028646 0.050926
3 0.005729 0.373148 0.008333 0.072222
0 0.660156 0.307870 0.030729 0.063889
1 0.773177 0.333796 0.014063 0.021296
0 0.170052 0.342309 0.034896 0.107974
7 0.036458 0.343519 0.033333 0.146296
3 0.065625 0.356944 0.011458 0.071296
0 0.355990 0.312963 0.028646 0.062963
7 0.625000 0.264815 0.029167 0.144444
1 0.725521 0.331481 0.012500 0.020370
7 0.291146 0.264352 0.035417 0.189815
2 0.036719 0.370370 0.069271 0.085185
7 0.245833 0.282870 0.030208 0.160185
14 0.464900 0.289555 0.188679 0.051794
13 0.452414 0.206931 0.041620 0.059193
7 0.537736 0.262424 0.019423 0.135652
0 0.929481 0.330189 0.025943 0.100629
0 0.962500 0.342767 0.014151 0.083857
0 0.898231 0.323899 0.022406 0.088050
0 0.787382 0.314465 0.022406 0.077568