1 0.080469 0.480556 0.023438 0.081481
7 0.750781 0.287037 0.027604 0.105556
0 0.374219 0.315741 0.057813 0.140741
7 0.778646 0.291667 0.025000 0.096296
3 0.824740 0.293519 0.016146 0.155556
7 0.558333 0.252778 0.041667 0.170370
7 0.715625 0.288426 0.029167 0.093519
0 0.228646 0.331019 0.068750 0.210185
0 0.172396 0.340278 0.073958 0.225000
1 0.944271 0.363889 0.013542 0.025926
0 0.482812 0.296759 0.061458 0.162037
3 0.958854 0.318056 0.014583 0.139815
3 0.837500 0.293981 0.015625 0.169444
1 0.205729 0.428241 0.036458 0.073148
7 0.087500 0.291667 0.119792 0.583333
2 0.891146 0.302778 0.148958 0.166667
0 0.302002 0.309690 0.027850 0.097476