4 0.498437 0.275926 0.010417 0.022222
7 0.942187 0.310648 0.020833 0.093519
1 0.941667 0.354167 0.010417 0.015741
7 0.753646 0.285648 0.016667 0.076852
7 0.817187 0.299537 0.017708 0.063889
7 0.740625 0.287963 0.019792 0.075926
7 0.457552 0.278704 0.020313 0.096296
7 0.920833 0.309722 0.016667 0.082407
6 0.813281 0.323148 0.025521 0.038889
1 0.601042 0.324074 0.011458 0.018519
3 0.681771 0.289352 0.010417 0.086111
5 0.225000 0.243519 0.013542 0.024074
7 0.122656 0.354167 0.029687 0.080556
6 0.168229 0.349074 0.067708 0.164815
0 0.230208 0.328241 0.051042 0.143519
0 0.284375 0.321296 0.042708 0.100000
6 0.500521 0.315741 0.053125 0.111111
7 0.795833 0.303704 0.019792 0.072222
7 0.540625 0.279167 0.021875 0.093519
3 0.589323 0.287963 0.011979 0.098148
1 0.314583 0.353704 0.016667 0.029630
0 0.694792 0.313426 0.042708 0.099074
2 0.635417 0.289815 0.106250 0.094444
14 0.020165 0.327044 0.040330 0.171908
1 0.855065 0.340222 0.008423 0.020964
1 0.841027 0.335729 0.005054 0.011980
0 0.341038 0.311321 0.030660 0.088050
0 0.387028 0.308176 0.035377 0.098532