0 0.960417 0.355093 0.0302083 0.0824074
6 0.781771 0.325926 0.034375 0.0574074
6 0.646094 0.306481 0.0348958 0.0759259
6 0.459375 0.330093 0.075 0.149074
1 0.697135 0.327778 0.0119792 0.0222222
1 0.75651 0.341204 0.0151042 0.025
0 0.645833 0.304167 0.0354167 0.0787037
3 0.0466146 0.35463 0.00885417 0.0685185
7 0.55 0.243519 0.0447917 0.203704
2 0.0247396 0.367593 0.0484375 0.087037
0 0.133594 0.349537 0.0317708 0.087963
0 0.459635 0.328704 0.0755208 0.153704
6 0.585677 0.317593 0.0484375 0.087037
