0 0.748177 0.311574 0.0432292 0.106481
0 0.821615 0.319907 0.0328125 0.075
7 0.890104 0.332407 0.0260417 0.0814815
7 0.177083 0.321296 0.0166667 0.0592593
1 0.86901 0.355556 0.0140625 0.0259259
0 0.889844 0.333796 0.0234375 0.0768519
6 0.167708 0.333333 0.0208333 0.0481481
7 0.990104 0.340741 0.0197917 0.0925926
3 0.19974 0.322685 0.00572917 0.062037
6 0.747135 0.311111 0.0432292 0.105556
6 0.822135 0.32037 0.0317708 0.0740741
7 0.0921875 0.308333 0.0302083 0.181481
1 0.0947917 0.3875 0.0135417 0.025
1 0.909375 0.362963 0.0135417 0.0240741
3 0.263021 0.3125 0.00729167 0.062037
7 0.714323 0.265741 0.0348958 0.140741
0 0.611719 0.311111 0.0619792 0.144444
0 0.356771 0.315741 0.03125 0.0759259
7 0.139323 0.305556 0.0296875 0.161111
2 0.23099 0.319907 0.0703125 0.0638889
