0 0.072135 0.371296 0.021354 0.051852
1 0.839063 0.342593 0.013542 0.020370
7 0.800521 0.292130 0.019792 0.104630
7 0.723958 0.299074 0.025000 0.101852
7 0.091667 0.318056 0.023958 0.113889
1 0.052083 0.394907 0.010417 0.017593
7 0.693229 0.287963 0.032292 0.124074
7 0.767969 0.287963 0.017188 0.098148
1 0.376302 0.335648 0.013021 0.019444
7 0.745313 0.284259 0.019792 0.101852
6 0.029427 0.391667 0.028646 0.064815
7 0.784635 0.286111 0.019271 0.105556
1 0.940625 0.377778 0.017708 0.035185
1 0.797135 0.346296 0.015104 0.029630
3 0.489583 0.283796 0.012500 0.125000
0 0.107292 0.367130 0.040625 0.104630
3 0.357292 0.293519 0.012500 0.111111
2 0.423698 0.289815 0.142188 0.120370
1 0.481525 0.332285 0.005503 0.022362
0 0.696662 0.310918 0.038099 0.101597
6 0.173585 0.342767 0.018868 0.079665
7 0.579835 0.300839 0.024764 0.083857