7 0.00885417 0.368981 0.0177083 0.210185
7 0.0867188 0.367593 0.0338542 0.1
0 0.0432292 0.390741 0.0260417 0.0648148
1 0.933073 0.312037 0.0161458 0.0351852
6 0.956771 0.358796 0.0260417 0.062037
0 0.95625 0.35787 0.025 0.062037
7 0.116406 0.309722 0.0213542 0.121296
0 0.872396 0.334722 0.0322917 0.0824074
0 0.0888021 0.372222 0.0328125 0.0907407
7 0.0825521 0.311574 0.0296875 0.137963
6 0.684635 0.308796 0.0609375 0.130556
0 0.0111979 0.400463 0.0213542 0.126852
1 0.784375 0.355556 0.0166667 0.0314815
0 0.684896 0.308333 0.0614583 0.133333
7 0.183594 0.26713 0.0526042 0.299074
0 0.3 0.350926 0.0864583 0.192593
6 0.30026 0.351389 0.0869792 0.191667
1 0.847656 0.3625 0.0171875 0.0287037
7 0.635938 0.23287 0.0552083 0.280556
7 0.793229 0.228241 0.071875 0.341667
