0 0.892708 0.340278 0.0208333 0.0509259
7 0.859375 0.300463 0.0239583 0.100926
7 0.436458 0.288889 0.01875 0.101852
7 0.176302 0.330093 0.0192708 0.0842593
0 0.867708 0.339352 0.0229167 0.0509259
0 0.569271 0.321296 0.034375 0.062963
0 0.48724 0.315278 0.0171875 0.0472222
7 0.738021 0.296296 0.021875 0.0833333
7 0.53125 0.283796 0.01875 0.0990741
6 0.840625 0.335648 0.028125 0.0509259
0 0.715625 0.316667 0.0270833 0.0574074
1 0.772135 0.340741 0.0130208 0.0203704
7 0.19375 0.319444 0.0239583 0.0944444
0 0.436458 0.317593 0.01875 0.0481481
0 0.792969 0.322685 0.0234375 0.0546296
6 0.714844 0.31713 0.0265625 0.0564815
7 0.90625 0.324537 0.0208333 0.10463
7 0.695573 0.275 0.0359375 0.122222
7 0.106771 0.328704 0.021875 0.12037
6 0.56901 0.319907 0.0359375 0.0675926
7 0.648177 0.281944 0.0265625 0.115741
3 0.226302 0.328241 0.00677083 0.0601852
2 0.203125 0.331481 0.0541667 0.0648148
7 0.125 0.327315 0.025 0.117593
6 0.272396 0.343056 0.0270833 0.0509259
1 0.815104 0.346759 0.0114583 0.0194444
1 0.0731771 0.547222 0.0598958 0.133333
