0 0.061979 0.372685 0.014583 0.032407
7 0.980990 0.278704 0.025521 0.166667
1 0.763845 0.335585 0.011792 0.020964
2 0.073958 0.359722 0.048958 0.045370
1 0.146615 0.371296 0.009896 0.016667
7 0.100781 0.319907 0.020313 0.123148
0 0.734375 0.311111 0.029167 0.072222
0 0.296615 0.331944 0.046354 0.128704
0 0.177344 0.356019 0.046354 0.125000
7 0.938021 0.283796 0.034375 0.191667
7 0.988542 0.296759 0.021875 0.204630
7 0.141667 0.309722 0.021875 0.123148
7 0.120573 0.318056 0.020313 0.123148
7 0.844010 0.275463 0.029687 0.160185
7 0.476562 0.220370 0.053125 0.248148
6 0.597656 0.315278 0.066146 0.126852
7 0.790885 0.266204 0.029687 0.149074
0 0.464583 0.329630 0.080208 0.181481
1 0.786775 0.336362 0.010482 0.022517
14 0.456604 0.283019 0.308962 0.069182
12 0.079634 0.424185 0.152306 0.057248
3 0.051270 0.360546 0.007121 0.061890