0 0.98151 0.3625 0.0296875 0.062037
7 0.720833 0.294444 0.0416667 0.101852
0 0.886458 0.326852 0.028125 0.0851852
1 0.925521 0.367593 0.0135417 0.0240741
7 0.884635 0.320833 0.0296875 0.10463
6 0.819792 0.319444 0.034375 0.0814815
1 0.869531 0.352778 0.0119792 0.0203704
7 0.965885 0.331019 0.0223958 0.106481
3 0.186719 0.324074 0.0078125 0.0685185
0 0.820052 0.318056 0.0348958 0.0861111
0 0.769792 0.318981 0.0479167 0.121296
3 0.121094 0.337037 0.0078125 0.0703704
1 0.290885 0.351389 0.0161458 0.0268519
0 0.355729 0.318519 0.0385417 0.087037
7 0.247396 0.274537 0.05625 0.191667
0 0.655729 0.325463 0.0760417 0.176852
2 0.152604 0.333333 0.071875 0.0740741
