7 0.222135 0.336574 0.021354 0.062037
0 0.013281 0.386574 0.019271 0.045370
0 0.262760 0.331481 0.016146 0.040741
7 0.234115 0.325926 0.014063 0.057407
7 0.241146 0.320370 0.016667 0.066667
7 0.261979 0.329167 0.016667 0.049074
0 0.164323 0.358796 0.028646 0.058333
7 0.811458 0.157870 0.048958 0.191667
0 0.593750 0.307407 0.027083 0.064815
1 0.128906 0.379167 0.011979 0.023148
7 0.632552 0.275000 0.051562 0.146296
7 0.861198 0.145833 0.055729 0.184259
6 0.841406 0.320370 0.121354 0.259259
6 0.165104 0.359259 0.029167 0.059259
0 0.222656 0.339352 0.022396 0.062037
3 0.369271 0.305093 0.007292 0.063889
3 0.300781 0.312500 0.007813 0.063889
7 0.969792 0.230093 0.056250 0.391667
1 0.981510 0.475000 0.036979 0.100000
0 0.841667 0.320833 0.122917 0.263889
2 0.334115 0.309722 0.074479 0.065741
14 0.695991 0.283019 0.141509 0.100629