7 0.118750 0.319907 0.017708 0.108333
0 0.705208 0.309722 0.022917 0.050926
7 0.626042 0.267130 0.022917 0.125000
0 0.471094 0.307870 0.040104 0.097222
7 0.875000 0.065278 0.229167 0.128704
3 0.906771 0.320370 0.007292 0.062963
7 0.222917 0.315741 0.014583 0.066667
7 0.096094 0.322222 0.022396 0.116667
7 0.412500 0.248148 0.036458 0.098148
7 0.240104 0.308796 0.015625 0.075000
7 0.471875 0.308333 0.038542 0.092593
3 0.967969 0.332407 0.008854 0.062963
6 0.388021 0.319907 0.052083 0.102778
7 0.110156 0.319444 0.020313 0.116667
7 0.134115 0.313426 0.020313 0.113889
7 0.185417 0.300926 0.019792 0.129630
7 0.648438 0.266204 0.029167 0.136111
7 0.162760 0.271759 0.031771 0.206481
7 0.511458 0.262037 0.040625 0.168519
0 0.765365 0.321296 0.051562 0.131481
2 0.938281 0.328704 0.069271 0.066667
14 0.537382 0.283019 0.175708 0.067086
12 0.180592 0.412581 0.357702 0.089740
1 0.187326 0.357454 0.009118 0.019893
1 0.720419 0.325772 0.007874 0.015472
1 0.734303 0.327982 0.009947 0.016946
1 0.964970 0.354999 0.005077 0.011604