0 0.845052 0.320833 0.0223958 0.0527778
0 0.761458 0.316667 0.0229167 0.0425926
3 0.984115 0.339815 0.00885417 0.0592593
7 0.318229 0.288889 0.0166667 0.0888889
7 0.464583 0.293519 0.0239583 0.0907407
7 0.302344 0.290278 0.0182292 0.0898148
2 0.989323 0.343519 0.0203125 0.0666667
0 0.919271 0.340278 0.0208333 0.0490741
7 0.366146 0.293519 0.0229167 0.0685185
7 0.442448 0.271296 0.0213542 0.111111
7 0.596094 0.256944 0.0328125 0.156481
1 0.834115 0.35 0.0140625 0.0240741
0 0.580729 0.314815 0.0416667 0.0925926
