6 0.351823 0.329630 0.064062 0.144444
7 0.671094 0.279167 0.029687 0.110185
6 0.072917 0.379630 0.041667 0.098148
0 0.352083 0.324074 0.061458 0.151852
0 0.972656 0.346759 0.036979 0.086111
7 0.936719 0.286111 0.029687 0.174074
7 0.370052 0.286111 0.026562 0.101852
7 0.921354 0.290278 0.033333 0.169444
6 0.581589 0.306019 0.021197 0.063889
7 0.890885 0.285648 0.032813 0.163889
0 0.624740 0.306481 0.025521 0.064815
3 0.245312 0.319444 0.008333 0.077778
7 0.734115 0.264352 0.031771 0.163889
7 0.145573 0.326389 0.032813 0.108333
1 0.177344 0.394907 0.021354 0.039815
0 0.496615 0.310185 0.030729 0.081481
2 0.204948 0.328241 0.088021 0.082407
14 0.747288 0.296646 0.208726 0.060797
6 0.170148 0.342182 0.021758 0.066531