0 0.044531 0.383796 0.035937 0.110185
0 0.913802 0.334259 0.031771 0.098148
1 0.906771 0.370370 0.016667 0.029630
4 0.686979 0.247222 0.019792 0.035185
6 0.678646 0.322222 0.091667 0.150000
1 0.855469 0.366667 0.018229 0.031482
7 0.060156 0.334259 0.041146 0.157407
7 0.110417 0.301389 0.046875 0.239815
0 0.019792 0.404167 0.039583 0.175000
0 0.768490 0.323183 0.064062 0.116737
14 0.285613 0.300839 0.424528 0.157233
0 0.885236 0.334423 0.025000 0.098952
7 0.868160 0.274633 0.023585 0.094340
7 0.819811 0.257862 0.030660 0.085954
1 0.152201 0.367925 0.014151 0.022362