7 0.088802 0.372222 0.031771 0.092593
0 0.043750 0.394444 0.027083 0.057407
0 0.089583 0.372685 0.031250 0.091667
6 0.956771 0.358333 0.025000 0.062963
4 0.445833 0.310185 0.012500 0.022222
1 0.933073 0.312037 0.016146 0.035185
0 0.956510 0.357870 0.025521 0.062037
7 0.109896 0.313426 0.026042 0.126852
0 0.872656 0.335185 0.032813 0.081481
1 0.785156 0.357407 0.017188 0.031482
0 0.010937 0.400000 0.020833 0.127778
0 0.684896 0.310648 0.061458 0.128704
7 0.184896 0.284259 0.046875 0.259259
1 0.847656 0.362500 0.017188 0.028704
7 0.803385 0.225000 0.061979 0.340741
7 0.635677 0.232870 0.054688 0.278704
6 0.411719 0.336574 0.092188 0.173148
1 0.136485 0.365236 0.008203 0.010938
1 0.149559 0.433142 0.000513 0.000911
1 0.068550 0.385744 0.006665 0.017318
14 0.289151 0.294549 0.339623 0.125786
6 0.575718 0.312784 0.046127 0.137704
4 0.564549 0.308679 0.009947 0.019893