7 0.780469 0.248611 0.052604 0.252778
7 0.088802 0.230556 0.027604 0.064815
7 0.708333 0.220370 0.053125 0.174074
0 0.023221 0.434259 0.044359 0.094444
4 0.700260 0.308333 0.021354 0.044444
7 0.142448 0.210648 0.032813 0.065741
6 0.627344 0.307800 0.193229 0.401065
7 0.397917 0.137500 0.044792 0.093519
6 0.982813 0.365741 0.033333 0.170370
0 0.910417 0.343056 0.052083 0.134259
0 0.255208 0.354167 0.100000 0.286111
0 0.983073 0.358796 0.033854 0.186111
4 0.615625 0.162500 0.042708 0.076852
7 0.843229 0.260648 0.096875 0.513889
1 0.189858 0.362369 0.012264 0.025786
13 0.238994 0.049266 0.167060 0.098532
14 0.316038 0.279350 0.632075 0.200908
7 0.914151 0.251572 0.028302 0.052411
7 0.018986 0.320755 0.037972 0.140461