7 0.189323 0.280093 0.028646 0.202778
6 0.622509 0.305497 0.035643 0.096414
0 0.298438 0.319907 0.023958 0.063889
7 0.654948 0.288426 0.044271 0.126852
7 0.577083 0.263889 0.028125 0.135185
7 0.163021 0.288889 0.025000 0.168519
7 0.734375 0.291204 0.027083 0.097222
0 0.712760 0.312037 0.033854 0.079630
0 0.880990 0.335648 0.030729 0.073148
0 0.254167 0.330556 0.023958 0.064815
7 0.985937 0.301389 0.028125 0.178704
7 0.680208 0.259722 0.055208 0.197222
7 0.202604 0.267593 0.046875 0.248148
7 0.136979 0.244907 0.118750 0.484259
7 0.795573 0.261111 0.170312 0.511111
14 0.439858 0.294454 0.235849 0.068611
13 0.421098 0.189156 0.063250 0.079093
4 0.619157 0.272060 0.010184 0.021917
7 0.388401 0.246331 0.016081 0.040976
1 0.376065 0.328667 0.006847 0.014878
7 0.313185 0.292825 0.022444 0.083857