6 0.0888021 0.367593 0.0203125 0.0425926
0 0.436198 0.309259 0.0234375 0.0685185
7 0.805208 0.157407 0.046875 0.112963
9 0.696354 0.256481 0.021875 0.0444444
0 0.00755208 0.407407 0.0151042 0.0648148
6 0.0078125 0.406019 0.0145833 0.0675926
3 0.211719 0.323148 0.0078125 0.0685185
7 0.0880208 0.351389 0.0208333 0.0731481
0 0.776563 0.307407 0.164583 0.372222
6 0.771615 0.311111 0.153646 0.37963
3 0.147135 0.335185 0.0078125 0.0703704
7 0.463021 0.266667 0.0395833 0.188889
7 0.913021 0.249074 0.104167 0.492593
0 0.0622396 0.376852 0.0223958 0.0666667
7 0.667448 0.224074 0.167187 0.444444
2 0.179167 0.331944 0.0729167 0.075
