7 0.615885 0.295833 0.0234375 0.0990741
7 0.988281 0.317593 0.0192708 0.0944444
0 0.89349 0.339352 0.0307292 0.0768519
6 0.527604 0.306019 0.0354167 0.075
7 0.588802 0.289352 0.0265625 0.100926
6 0.473177 0.313889 0.0442708 0.101852
0 0.474219 0.309722 0.0432292 0.110185
0 0.841667 0.330556 0.03125 0.0851852
0 0.527083 0.305556 0.0354167 0.0740741
1 0.634635 0.336574 0.0140625 0.0231481
0 0.0580729 0.374074 0.0307292 0.0907407
7 0.444271 0.253241 0.0479167 0.197222
0 0.369531 0.330093 0.0651042 0.156481
