4 0.00494792 0.361111 0.0078125 0.0222222
6 0.865365 0.316667 0.0432292 0.0888889
7 0.495313 0.281481 0.01875 0.0777778
1 0.93125 0.359722 0.0125 0.0194444
0 0.329167 0.328704 0.0416667 0.0907407
7 0.83125 0.276389 0.040625 0.139815
0 0.426302 0.310648 0.0223958 0.0601852
7 0.797135 0.272685 0.0359375 0.137963
1 0.975781 0.37037 0.0140625 0.0203704
6 0.0104167 0.391204 0.0208333 0.0768519
7 0.883854 0.26713 0.0291667 0.176852
7 0.529427 0.275 0.0317708 0.114815
7 0.645833 0.271759 0.034375 0.137963
7 0.0401042 0.342593 0.03125 0.174074
3 0.0692708 0.352315 0.0104167 0.0916667
0 0.480729 0.308333 0.0375 0.0888889
0 0.276823 0.329167 0.0828125 0.228704
2 0.0364583 0.366204 0.071875 0.102778
