0 0.114063 0.371759 0.013542 0.030556
1 0.114063 0.372685 0.012500 0.026852
0 0.095052 0.374074 0.017188 0.035185
7 0.093229 0.349537 0.017708 0.073148
7 0.112760 0.351852 0.017188 0.064815
6 0.919010 0.380556 0.156771 0.570370
0 0.606510 0.352778 0.114063 0.246296
4 0.640885 0.310185 0.025521 0.048148
3 0.228125 0.325463 0.007292 0.067593
0 0.026042 0.388426 0.016667 0.056481
0 0.920833 0.357407 0.158333 0.629630
3 0.160417 0.336111 0.008333 0.070370
6 0.606510 0.356944 0.114063 0.247222
7 0.485677 0.246759 0.049479 0.249074
7 0.723437 0.273148 0.217708 0.525926
2 0.193490 0.331944 0.075521 0.076852
14 0.586910 0.276730 0.182783 0.079665