1 0.324479 0.333943 0.011458 0.013597
2 0.279427 0.311111 0.036979 0.042593
3 0.297656 0.308333 0.006771 0.044444
7 0.359375 0.287500 0.025000 0.082407
7 0.377344 0.284722 0.021354 0.080556
0 0.804427 0.314352 0.026562 0.050926
7 0.336458 0.280093 0.019792 0.097222
7 0.316146 0.284259 0.020833 0.100000
0 0.891927 0.335648 0.039063 0.099074
7 0.634115 0.251389 0.054688 0.195370
7 0.957292 0.231481 0.079167 0.427778
14 0.615802 0.291405 0.207547 0.079665
13 0.620519 0.194969 0.056604 0.079665
1 0.859934 0.339373 0.008422 0.014474
1 0.466605 0.316913 0.005615 0.010481