4 0.510156 0.306019 0.018229 0.041667
7 0.605729 0.093519 0.079167 0.187037
6 0.477083 0.332870 0.111458 0.195370
6 0.730729 0.311574 0.141667 0.328704
6 0.584896 0.313426 0.121875 0.260185
7 0.692187 0.120370 0.067708 0.237037
7 0.508594 0.165741 0.088021 0.322222
4 0.570052 0.209259 0.022396 0.050000
0 0.731510 0.312963 0.142188 0.329630
7 0.103125 0.335185 0.047917 0.168519
1 0.954167 0.476389 0.052083 0.106481
7 0.816667 0.256481 0.075000 0.361111
14 0.244340 0.286164 0.224057 0.144654
12 0.898607 0.438884 0.202785 0.061890