7 0.642187 0.281481 0.038542 0.124074
1 0.199219 0.362963 0.014063 0.025926
7 0.325260 0.296296 0.020313 0.083333
1 0.023177 0.402778 0.007813 0.016667
6 0.329688 0.324074 0.021875 0.042593
6 0.873698 0.347222 0.066146 0.155556
4 0.935156 0.334259 0.015104 0.035185
7 0.683854 0.283796 0.033333 0.132407
3 0.463542 0.298611 0.007292 0.060185
0 0.233594 0.341204 0.028646 0.067593
0 0.064844 0.375000 0.015104 0.044444
1 0.054167 0.394444 0.008333 0.012963
4 0.912240 0.244907 0.016146 0.041667
6 0.921804 0.326855 0.046732 0.233341
3 0.393490 0.304167 0.007813 0.063889
7 0.913021 0.120833 0.064583 0.200926
0 0.298438 0.327778 0.025000 0.062963
2 0.428646 0.304167 0.077083 0.063889
14 0.777948 0.284067 0.128538 0.098532
7 0.344996 0.295991 0.017406 0.085408
0 0.976501 0.363069 0.046997 0.315637