1 0.794492 0.332837 0.008034 0.013885
7 0.249479 0.298148 0.020833 0.098148
7 0.800260 0.294444 0.014063 0.068518
7 0.898177 0.312963 0.017188 0.072222
6 0.273177 0.325000 0.023438 0.044444
7 0.879167 0.307870 0.016667 0.076852
0 0.378125 0.310185 0.025000 0.053704
3 0.515625 0.290278 0.007292 0.060185
0 0.994010 0.362037 0.011979 0.070370
2 0.547656 0.291204 0.070313 0.069444
7 0.581250 0.223148 0.060417 0.277778
1 0.486198 0.337037 0.016146 0.029630
0 0.459115 0.312500 0.042188 0.097222
14 0.117571 0.334382 0.166274 0.090147
13 0.135849 0.221174 0.056604 0.090147
1 0.321841 0.332361 0.008926 0.016266
1 0.523465 0.316294 0.006918 0.014282
1 0.735467 0.324268 0.008257 0.014679
1 0.756555 0.324070 0.005802 0.014282