0 0.993750 0.348611 0.012500 0.049074
1 0.372917 0.328704 0.010417 0.016667
2 0.335417 0.305556 0.035417 0.061111
0 0.334896 0.309722 0.021875 0.054630
7 0.380990 0.281019 0.016146 0.091667
0 0.977865 0.347685 0.021354 0.054630
7 0.397917 0.278704 0.016667 0.081481
7 0.438021 0.273611 0.028125 0.087963
7 0.334115 0.270370 0.019271 0.094444
7 0.601042 0.255556 0.045833 0.198148
7 0.360417 0.272685 0.025000 0.130556
7 0.730208 0.215278 0.073958 0.347222
0 0.862240 0.343056 0.151562 0.478704
14 0.752594 0.283019 0.221698 0.100629
13 0.792099 0.160377 0.062500 0.106918
11 0.540920 0.298742 0.043632 0.142558
7 0.418485 0.289920 0.017197 0.066387
7 0.481132 0.284242 0.019654 0.070755
7 0.497101 0.284242 0.015232 0.075996
7 0.565645 0.272187 0.015723 0.110936
7 0.614780 0.465234 0.000000 0.000874
0 0.943632 0.325996 0.033019 0.088050