7 0.818229 0.0666667 0.123958 0.122222
7 0.459115 0.304167 0.0317708 0.0731481
0 0.458854 0.304167 0.0302083 0.0712963
7 0.271615 0.298148 0.0151042 0.0777778
7 0.565365 0.268981 0.0265625 0.128704
7 0.2 0.30463 0.021875 0.107407
7 0.159115 0.308333 0.0192708 0.105556
0 0.829427 0.325 0.0453125 0.0888889
0 0.396354 0.307407 0.040625 0.0944444
0 0.915625 0.331481 0.0333333 0.0740741
7 0.183594 0.304167 0.0192708 0.108333
2 0.884375 0.313426 0.0729167 0.0638889
7 0.485677 0.272222 0.0328125 0.125926
1 0.965625 0.371296 0.015625 0.0259259
0 0.638281 0.3125 0.0307292 0.0583333
