1 0.878646 0.343519 0.010417 0.018519
1 0.892448 0.344907 0.010937 0.017593
4 0.761458 0.270833 0.014583 0.034259
7 0.517708 0.282407 0.022917 0.077778
7 0.446094 0.289352 0.018229 0.082407
7 0.073438 0.300000 0.062500 0.253704
0 0.492188 0.319907 0.056250 0.100926
7 0.018490 0.305556 0.035937 0.268519
7 0.426302 0.287500 0.018229 0.082407
6 0.762500 0.334259 0.058333 0.125926
7 0.096615 0.308796 0.042188 0.239815
0 0.046354 0.397685 0.053125 0.110185
7 0.563542 0.279630 0.025000 0.105556
0 0.595052 0.310185 0.028646 0.068518
14 0.630164 0.295597 0.214201 0.046122
1 0.570081 0.315484 0.004717 0.009584
1 0.910108 0.348428 0.007412 0.016771
7 0.898147 0.325067 0.023922 0.080264
7 0.820991 0.263672 0.019879 0.083258
7 0.795216 0.282240 0.016846 0.128781
6 0.814252 0.315184 0.025270 0.061695
0 0.970755 0.344834 0.016173 0.059898
0 0.922911 0.331057 0.012803 0.058700
0 0.835984 0.322971 0.024259 0.049715