0 0.739323 0.308333 0.019271 0.055556
7 0.677344 0.284259 0.019271 0.081481
6 0.739583 0.312500 0.020833 0.047222
7 0.563802 0.290278 0.015104 0.060185
1 0.609115 0.321296 0.009896 0.016667
7 0.702604 0.278241 0.018750 0.095370
7 0.429688 0.280556 0.017708 0.100000
1 0.883073 0.354167 0.014063 0.023148
0 0.133333 0.348611 0.019792 0.049074
1 0.220313 0.352778 0.011458 0.020370
3 0.861979 0.305093 0.012500 0.126852
3 0.954687 0.313889 0.016667 0.170370
2 0.915625 0.318056 0.121875 0.158333
14 0.351061 0.302935 0.152123 0.039832
13 0.339269 0.230608 0.041274 0.058700
0 0.531486 0.291405 0.038915 0.102725
1 0.562451 0.318309 0.010318 0.018344
0 0.645735 0.300402 0.011792 0.059399
6 0.504226 0.301275 0.027516 0.054158
6 0.475727 0.303459 0.025550 0.053284