7 0.203906 0.316204 0.0171875 0.0731481
7 0.216406 0.312037 0.0161458 0.0722222
0 0.609896 0.325 0.021875 0.0537037
7 0.563021 0.275926 0.025 0.107407
1 0.984375 0.368056 0.009375 0.0175926
7 0.502865 0.274537 0.0265625 0.126852
3 0.860417 0.312963 0.00729167 0.0666667
3 0.930469 0.326389 0.0078125 0.0694444
0 0.774219 0.32037 0.0213542 0.0518519
7 0.164583 0.313889 0.0197917 0.0962963
7 0.185156 0.311574 0.0203125 0.0953704
1 0.646354 0.340741 0.0145833 0.0259259
2 0.895312 0.32037 0.075 0.0740741
7 0.61849 0.244444 0.0494792 0.201852
0 0.703646 0.321296 0.0447917 0.109259
