7 0.0559896 0.395833 0.0432292 0.0805556
7 0.0182292 0.356481 0.021875 0.103704
6 0.905469 0.352778 0.0328125 0.0611111
6 0.721615 0.315741 0.0463542 0.0962963
0 0.351042 0.315741 0.025 0.0611111
6 0.945833 0.356019 0.0333333 0.0694444
7 0.3125 0.289352 0.0239583 0.108333
7 0.0255208 0.352778 0.0166667 0.103704
0 0.944531 0.356019 0.0338542 0.0768519
0 0.380729 0.313889 0.0270833 0.0555556
7 0.707812 0.236111 0.0364583 0.211111
1 0.817448 0.356019 0.0161458 0.0287037
0 0.721094 0.314352 0.0442708 0.102778
3 0.0867188 0.352315 0.0078125 0.0731481
1 0.883854 0.368056 0.015625 0.0305556
6 0.0549479 0.393981 0.0411458 0.0861111
7 0.417708 0.285185 0.028125 0.107407
7 0.667448 0.256481 0.0442708 0.196296
7 0.979688 0.304167 0.0333333 0.15463
7 0.775521 0.256481 0.0427083 0.22037
2 0.0617188 0.3625 0.0578125 0.087963
0 0.232552 0.337963 0.0265625 0.0666667
7 0.281771 0.297685 0.0479167 0.139815
