0 0.946875 0.34213 0.0229167 0.0564815
0 0.36224 0.32037 0.0390625 0.0962963
0 0.853906 0.332407 0.0338542 0.0814815
1 0.957292 0.363889 0.0114583 0.0185185
6 0.267708 0.337963 0.0375 0.0888889
7 0.984635 0.285648 0.0296875 0.226852
7 0.754427 0.273148 0.0276042 0.142593
7 0.350781 0.275463 0.0411458 0.134259
1 0.933594 0.360185 0.0109375 0.0185185
0 0.88776 0.325926 0.0369792 0.0888889
0 0.268229 0.335648 0.0375 0.0935185
7 0.714063 0.214352 0.0322917 0.0824074
7 0.0864583 0.273611 0.0875 0.519444
7 0.283594 0.264815 0.0380208 0.151852
