6 0.038281 0.377778 0.022396 0.051852
7 0.044792 0.348148 0.026042 0.103704
0 0.334896 0.320370 0.020833 0.050000
3 0.059115 0.363426 0.008854 0.071296
0 0.012500 0.400926 0.025000 0.070370
7 0.529688 0.233796 0.054167 0.247222
7 0.569531 0.227778 0.049479 0.200000
7 0.356771 0.297222 0.025000 0.098148
0 0.553385 0.299537 0.064062 0.139815
3 0.115365 0.350000 0.007813 0.066667
0 0.789062 0.316667 0.056250 0.159259
6 0.554427 0.298611 0.065104 0.143519
0 0.238281 0.337963 0.027604 0.068518
0 0.848177 0.337963 0.058854 0.151852
1 0.722917 0.371759 0.026042 0.045370
6 0.301562 0.331944 0.041667 0.089815
7 0.619010 0.206019 0.074479 0.389815
2 0.085677 0.356481 0.064062 0.075926
14 0.422406 0.293501 0.127358 0.062893
1 0.379422 0.339273 0.012775 0.018344
1 0.637946 0.360748 0.015666 0.029398