6 0.47474 0.308333 0.0203125 0.0481481
0 0.858854 0.328241 0.021875 0.0527778
7 0.20651 0.316204 0.0161458 0.0694444
0 0.138542 0.35463 0.0197917 0.0407407
0 0.742448 0.31713 0.0296875 0.0638889
7 0.989062 0.331944 0.0197917 0.0953704
7 0.225781 0.315741 0.0161458 0.062963
0 0.956771 0.350926 0.0291667 0.0592593
7 0.443229 0.26713 0.0229167 0.136111
6 0.139323 0.352778 0.0213542 0.0518519
6 0.955729 0.350926 0.028125 0.0574074
7 0.15026 0.309259 0.0296875 0.122222
1 0.915104 0.356944 0.0125 0.0212963
1 0.869531 0.352315 0.0119792 0.0194444
3 0.127344 0.339352 0.0078125 0.0675926
6 0.494271 0.310648 0.025 0.0509259
3 0.19401 0.326389 0.00885417 0.0675926
6 0.803125 0.318981 0.03125 0.0694444
7 0.173698 0.306481 0.0244792 0.124074
7 0.542708 0.273148 0.021875 0.109259
7 0.773698 0.273148 0.0296875 0.153704
7 0.0950521 0.328241 0.0244792 0.113889
7 0.0794271 0.331019 0.0203125 0.119444
0 0.803125 0.318056 0.03125 0.0712963
6 0.28099 0.33287 0.0390625 0.087963
7 0.679167 0.271296 0.025 0.131481
7 0.424479 0.25463 0.03125 0.183333
7 0.380729 0.273611 0.0322917 0.14537
2 0.161458 0.333796 0.0708333 0.0694444
