7 0.821354 0.295370 0.031250 0.109259
3 0.915885 0.305093 0.016146 0.180556
7 0.609635 0.251389 0.040104 0.167593
7 0.848958 0.295370 0.025000 0.111111
0 0.384896 0.308333 0.073958 0.194444
0 0.187240 0.350926 0.084896 0.246296
7 0.782031 0.293056 0.032813 0.104630
0 0.529167 0.288426 0.079167 0.208333
3 0.933073 0.301852 0.017188 0.188889
1 0.114844 0.492593 0.051562 0.101852
2 0.953906 0.306481 0.090104 0.201852
0 0.112272 0.358428 0.062663 0.297070
12 0.164926 0.440431 0.328111 0.167102
0 0.318538 0.312010 0.036554 0.117590
7 0.657963 0.252442 0.029591 0.162460