7 0.427083 0.274537 0.0208333 0.100926
7 0.405469 0.276389 0.0203125 0.106481
2 0.382292 0.30463 0.0729167 0.0481481
7 0.901823 0.288426 0.0265625 0.14537
6 0.634115 0.318056 0.0401042 0.075
0 0.633854 0.318519 0.040625 0.0777778
0 0.5375 0.308333 0.0302083 0.0703704
7 0.511198 0.280093 0.0296875 0.108333
7 0.983333 0.278241 0.03125 0.278704
7 0.395052 0.273611 0.0223958 0.119444
6 0.459635 0.318519 0.0307292 0.0611111
7 0.445052 0.278241 0.0213542 0.0972222
7 0.600521 0.25787 0.0395833 0.156481
7 0.48151 0.283796 0.0255208 0.113889
