4 0.004948 0.350000 0.007813 0.022222
6 0.096094 0.359722 0.033854 0.062037
6 0.495833 0.306019 0.021875 0.054630
7 0.837760 0.270833 0.030729 0.182407
0 0.536719 0.305093 0.021354 0.054630
6 0.011198 0.397685 0.022396 0.099074
1 0.971094 0.375463 0.013021 0.023148
7 0.906771 0.268981 0.025000 0.117593
7 0.853906 0.268519 0.028646 0.188889
7 0.815625 0.268056 0.031250 0.173148
7 0.090365 0.336111 0.029687 0.111111
0 0.219792 0.336461 0.051042 0.153005
3 0.180729 0.329167 0.007292 0.073148
7 0.346875 0.287500 0.021875 0.108333
6 0.893229 0.329630 0.046875 0.092593
7 0.932292 0.289815 0.036458 0.175926
1 0.081771 0.409259 0.017708 0.037037
7 0.580469 0.260648 0.045312 0.173148
0 0.395312 0.314815 0.029167 0.081481
2 0.143750 0.339815 0.079167 0.088889
14 0.653538 0.295597 0.233491 0.058700