12 0.070833 0.416204 0.141666 0.058333
7 0.184375 0.308333 0.027083 0.112963
0 0.168229 0.365278 0.036458 0.084259
6 0.167448 0.369444 0.036979 0.075926
6 0.831250 0.326096 0.095833 0.220029
7 0.923958 0.286574 0.039583 0.178704
7 0.431250 0.231944 0.058333 0.302778
0 0.255208 0.346759 0.075000 0.195370
7 0.982552 0.300000 0.034896 0.214815
1 0.394575 0.327296 0.008962 0.013417
1 0.900172 0.360426 0.011339 0.026609
1 0.932828 0.361635 0.010432 0.020964
14 0.487264 0.291405 0.396226 0.085954
4 0.849434 0.321294 0.010444 0.040228
4 0.813316 0.243158 0.020017 0.041775
13 0.496954 0.113190 0.104439 0.109854
6 0.779809 0.314331 0.020888 0.100571