7 0.461719 0.293519 0.024479 0.055556
7 0.486198 0.280556 0.023438 0.072222
7 0.429948 0.276852 0.022396 0.094444
7 0.611458 0.275926 0.030208 0.125926
7 0.412500 0.279630 0.020833 0.098148
3 0.025000 0.335185 0.027083 0.298148
2 0.020052 0.334259 0.038021 0.303704
0 0.975260 0.347685 0.019271 0.054630
0 0.896354 0.332870 0.020833 0.045370
1 0.991406 0.381019 0.013021 0.026852
0 0.759635 0.324537 0.043229 0.106481
14 0.742571 0.295597 0.168632 0.075472
13 0.756722 0.208595 0.048349 0.081761
7 0.094222 0.328791 0.026336 0.085255
7 0.191313 0.509085 0.000393 0.000000
1 0.578420 0.315863 0.007469 0.017470
1 0.469733 0.323899 0.012579 0.016771
6 0.867293 0.326819 0.019794 0.055406
6 0.868556 0.462339 0.000421 0.000000
1 0.941838 0.354522 0.009687 0.014975
7 0.907303 0.303609 0.018952 0.061396
7 0.922254 0.297619 0.015162 0.058401
7 0.892773 0.300988 0.010108 0.033693