7 0.0950521 0.35 0.0192708 0.0759259
0 0.389323 0.311111 0.0182292 0.0425926
0 0.664583 0.311111 0.0291667 0.0611111
3 0.153385 0.337037 0.00677083 0.05
0 0.177344 0.353704 0.0296875 0.0555556
0 0.983073 0.344907 0.0317708 0.10463
6 0.807813 0.334259 0.025 0.0462963
0 0.838281 0.336574 0.0276042 0.0509259
4 0.0692708 0.319444 0.0114583 0.0222222
6 0.665104 0.3125 0.0291667 0.0601852
0 0.416667 0.310185 0.0197917 0.0407407
1 0.729948 0.336111 0.0119792 0.0185185
6 0.177344 0.353241 0.0286458 0.0564815
7 0.795313 0.277778 0.0260417 0.137037
7 0.445573 0.285185 0.0213542 0.0814815
1 0.0945313 0.384259 0.0130208 0.0222222
7 0.939062 0.306944 0.025 0.132407
6 0.0648438 0.375 0.0453125 0.111111
1 0.780729 0.342593 0.0125 0.0203704
0 0.301562 0.322222 0.0208333 0.0555556
7 0.701563 0.266667 0.0333333 0.155556
7 0.629948 0.268519 0.0317708 0.135185
2 0.125781 0.341204 0.0619792 0.0694444
7 0.193229 0.316667 0.0385417 0.137037
