7 0.355469 0.281944 0.019271 0.087963
1 0.417188 0.324074 0.010417 0.016667
7 0.395312 0.278241 0.026042 0.112037
7 0.421094 0.281481 0.021354 0.109259
0 0.501042 0.318981 0.059375 0.113889
7 0.957292 0.271759 0.036458 0.232407
0 0.368750 0.335185 0.047917 0.103704
7 0.627083 0.224074 0.051042 0.279630
0 0.664062 0.316667 0.077083 0.194444
7 0.884896 0.241204 0.047917 0.310185
14 0.704245 0.279874 0.363208 0.090147
7 0.066274 0.332285 0.021226 0.155136
1 0.280307 0.340671 0.015330 0.029350
7 0.539741 0.720126 0.001179 0.000000
7 0.326887 0.322851 0.025943 0.039832
12 0.189730 0.387052 0.309835 0.057248