7 0.927865 0.322222 0.0234375 0.0944444
0 0.966927 0.34213 0.0192708 0.0564815
0 0.596094 0.309722 0.0213542 0.0509259
6 0.710677 0.312037 0.0421875 0.105556
6 0.595052 0.310185 0.0203125 0.0425926
7 0.992188 0.322685 0.0145833 0.108333
7 0.979167 0.312963 0.021875 0.112963
0 0.227083 0.336111 0.028125 0.0740741
1 0.223958 0.363426 0.0166667 0.0268519
0 0.819531 0.331019 0.0307292 0.0657407
7 0.61849 0.278241 0.0276042 0.110185
3 0.664323 0.294444 0.0078125 0.0648148
7 0.866146 0.297222 0.0197917 0.103704
0 0.930208 0.338426 0.0260417 0.0694444
0 0.261458 0.333333 0.028125 0.0703704
2 0.632552 0.29537 0.0723958 0.0666667
7 0.185417 0.278704 0.0458333 0.242593
