7 0.229687 0.304167 0.015625 0.080556
2 0.192188 0.335648 0.053125 0.050926
7 0.284115 0.299537 0.031771 0.134259
7 0.808333 0.268056 0.033333 0.165741
7 0.239844 0.309722 0.021354 0.093519
0 0.220833 0.353241 0.031250 0.071296
6 0.717969 0.309172 0.035937 0.081656
7 0.653646 0.277778 0.036458 0.144444
0 0.307813 0.325463 0.034375 0.100926
0 0.747135 0.311111 0.028646 0.068518
7 0.845052 0.268981 0.029687 0.171296
7 0.392188 0.218519 0.109375 0.427778
7 0.526563 0.208333 0.111458 0.407407
14 0.464859 0.297694 0.287736 0.079665
13 0.483137 0.161426 0.064858 0.075472
1 0.238755 0.348832 0.008002 0.014226
1 0.790431 0.337227 0.010108 0.019467
1 0.820755 0.338724 0.009265 0.019467
6 0.689564 0.306903 0.023164 0.077119
4 0.720729 0.281447 0.008002 0.015723
4 0.687458 0.279949 0.006317 0.015723
7 0.705425 0.241090 0.021226 0.048218
1 0.011864 0.403596 0.007862 0.015247
7 0.157665 0.351153 0.015330 0.033543
0 0.915920 0.332285 0.024764 0.071279
0 0.875236 0.322851 0.018868 0.060797
7 0.933019 0.302935 0.009434 0.104822
7 0.947170 0.308176 0.021226 0.090147
7 0.616392 0.250524 0.027123 0.088050
7 0.576887 0.220126 0.023585 0.069182
12 0.110531 0.405618 0.217581 0.060342