7 0.932813 0.300000 0.027083 0.137037
0 0.974615 0.350356 0.050768 0.384047
6 0.816681 0.324415 0.051071 0.097467
7 0.520052 0.279167 0.017188 0.086111
7 0.479427 0.280093 0.019271 0.080556
7 0.534115 0.278241 0.018229 0.093519
7 0.502865 0.277315 0.017188 0.082407
7 0.566146 0.278704 0.026042 0.107407
0 0.495833 0.317130 0.028125 0.058333
7 0.015104 0.280556 0.029167 0.459259
7 0.639063 0.265741 0.038542 0.174074
0 0.589844 0.315741 0.038021 0.088889
14 0.704245 0.292453 0.261792 0.050314
1 0.416667 0.320720 0.005440 0.009670
1 0.531440 0.319269 0.006527 0.010637