4 0.529427 0.260185 0.011979 0.018519
6 0.472396 0.307704 0.039583 0.093187
7 0.401042 0.273148 0.030208 0.148148
6 0.516406 0.305093 0.050521 0.091667
7 0.643490 0.248611 0.027604 0.178704
7 0.528906 0.238889 0.034896 0.138889
1 0.836458 0.338889 0.011458 0.020370
0 0.042448 0.438426 0.084896 0.213889
7 0.623177 0.243981 0.031771 0.171296
7 0.034635 0.256944 0.068229 0.469444
1 0.960156 0.355556 0.011979 0.020370
3 0.851042 0.304167 0.010417 0.086111
7 0.667969 0.250926 0.038021 0.187037
7 0.585156 0.244907 0.041146 0.187963
3 0.769531 0.294907 0.008854 0.076852
0 0.365104 0.319444 0.058333 0.153704
7 0.887240 0.256019 0.055729 0.249074
7 0.325000 0.216667 0.084375 0.427778
2 0.811719 0.298148 0.090104 0.081481
7 0.176042 0.238426 0.110417 0.460185
14 0.156486 0.309224 0.310142 0.153040
1 0.986675 0.362683 0.008255 0.016771
13 0.252594 0.057652 0.103774 0.106918