7 0.194531 0.312037 0.021354 0.100000
7 0.358594 0.301389 0.039063 0.158333
0 0.985677 0.371689 0.028646 0.174860
4 0.866927 0.243981 0.018229 0.041667
6 0.884635 0.352778 0.094271 0.192593
7 0.357292 0.237500 0.046875 0.297222
0 0.216667 0.344907 0.052083 0.134259
0 0.288281 0.329167 0.039063 0.097222
7 0.781510 0.210185 0.078646 0.414815
7 0.057813 0.267593 0.115625 0.522222
14 0.522642 0.268344 0.393868 0.104822
11 0.943632 0.333333 0.033019 0.140461
1 0.319958 0.335316 0.007968 0.014165
1 0.337806 0.512097 0.000319 0.000567