7 0.296094 0.299074 0.018229 0.074074
6 0.777865 0.326389 0.035937 0.078704
7 0.260677 0.303704 0.016146 0.077778
7 0.810677 0.295833 0.025521 0.121296
3 0.995313 0.333796 0.007292 0.078704
0 0.778385 0.324537 0.035937 0.082407
3 0.929167 0.322222 0.007292 0.064815
7 0.278125 0.300000 0.017708 0.075926
7 0.396875 0.287963 0.029167 0.075926
1 0.852344 0.368519 0.021354 0.037037
6 0.151562 0.391667 0.098958 0.220370
0 0.478906 0.312963 0.034896 0.077778
7 0.453646 0.282870 0.021875 0.086111
7 0.066406 0.301389 0.101562 0.434259
7 0.646875 0.234722 0.055208 0.260185
6 0.966667 0.347222 0.021875 0.050000
2 0.963021 0.333796 0.072917 0.082407
14 0.496109 0.292453 0.192217 0.048218
1 0.309399 0.333672 0.007833 0.015472
4 0.184943 0.344502 0.016536 0.040228
1 0.712794 0.322067 0.006963 0.023209
1 0.736292 0.323615 0.008703 0.017020