7 0.689323 0.270833 0.0296875 0.132407
0 0.710938 0.312037 0.0302083 0.0685185
7 0.38125 0.298148 0.01875 0.0740741
4 0.896094 0.333333 0.0171875 0.0537037
0 0.323698 0.324074 0.0203125 0.0537037
0 0.364844 0.31713 0.0203125 0.0509259
7 0.40651 0.289815 0.0213542 0.0962963
0 0.177604 0.362037 0.053125 0.122222
6 0.177865 0.369907 0.0526042 0.102778
7 0.652604 0.276389 0.0395833 0.134259
2 0.0148437 0.379167 0.0296875 0.106481
3 0.0252604 0.370833 0.00989583 0.0898148
6 0.859635 0.381481 0.166146 0.307407
7 0.742969 0.270833 0.0307292 0.150926
0 0.260417 0.333333 0.0270833 0.0740741
1 0.0236979 0.437037 0.0192708 0.0407407
4 0.829687 0.180556 0.03125 0.0740741
7 0.124219 0.309259 0.0296875 0.194444
