7 0.690237 0.281147 0.055985 0.165484
0 0.146354 0.367130 0.032292 0.067593
0 0.281510 0.332407 0.025521 0.046296
7 0.295312 0.297685 0.020833 0.093519
6 0.281510 0.331481 0.026562 0.050000
7 0.016406 0.496296 0.032812 0.431481
3 0.432031 0.301852 0.007813 0.066667
6 0.147135 0.368519 0.032813 0.064815
7 0.640145 0.282870 0.042788 0.173148
0 0.230469 0.341204 0.027604 0.075000
3 0.355990 0.306481 0.008854 0.070370
2 0.393229 0.307407 0.083333 0.070370
14 0.834552 0.291405 0.213443 0.134172
1 0.120104 0.384731 0.012185 0.021661
12 0.696074 0.336181 0.053594 0.021173