7 0.966667 0.325463 0.0125 0.0601852
7 0.434896 0.284259 0.0177083 0.0777778
7 0.402865 0.286574 0.0192708 0.0768519
7 0.74375 0.28287 0.0197917 0.0898148
1 0.809635 0.334722 0.0109375 0.0175926
7 0.378125 0.287037 0.0166667 0.0722222
7 0.892708 0.319444 0.021875 0.116667
7 0.527083 0.285648 0.0322917 0.0787037
3 0.0695312 0.344444 0.0151042 0.157407
7 0.789844 0.287963 0.0255208 0.112963
0 0.653906 0.317593 0.0421875 0.0833333
7 0.579427 0.281944 0.0234375 0.0916667
7 0.126563 0.237037 0.0802083 0.453704
6 0.264583 0.351389 0.0802083 0.171296
6 0.863021 0.341204 0.0322917 0.0731481
7 0.191927 0.267593 0.107813 0.375926
2 0.0380208 0.373148 0.0760417 0.203704
