0 0.921875 0.338889 0.030208 0.072222
6 0.119010 0.359722 0.021354 0.045370
7 0.078646 0.330093 0.021875 0.119444
7 0.105208 0.326852 0.025000 0.111111
6 0.856771 0.325000 0.039583 0.092593
2 0.155990 0.333333 0.078646 0.075926
7 0.737760 0.299074 0.036979 0.122222
7 0.174219 0.299074 0.018229 0.096296
7 0.067708 0.337037 0.026042 0.122222
1 0.938542 0.372685 0.014583 0.021296
1 0.992448 0.381481 0.013021 0.029630
6 0.188281 0.355093 0.042188 0.097222
0 0.490365 0.306019 0.030729 0.076852
7 0.522396 0.282870 0.035417 0.117593
0 0.856510 0.323611 0.040104 0.095370
7 0.770312 0.236111 0.068750 0.275926
7 0.140104 0.317130 0.023958 0.126852
7 0.352083 0.270370 0.036458 0.162963
7 0.392188 0.262963 0.032292 0.170370
13 0.614033 0.194969 0.043632 0.050314
14 0.650590 0.289358 0.220519 0.046022