7 0.933073 0.330556 0.0213542 0.0759259
6 0.764583 0.319444 0.0260417 0.0481481
7 0.819271 0.30463 0.0208333 0.0796296
7 0.697656 0.290278 0.0203125 0.075
7 0.329948 0.274074 0.0223958 0.112963
7 0.679167 0.287037 0.0208333 0.0814815
6 0.63724 0.310185 0.0286458 0.0592593
0 0.922917 0.341204 0.0239583 0.0638889
6 0.788802 0.322222 0.0286458 0.0481481
7 0.307552 0.279167 0.0286458 0.132407
1 0.746615 0.33287 0.0119792 0.0194444
7 0.620573 0.278241 0.0203125 0.102778
0 0.333333 0.321296 0.0239583 0.0518519
2 0.0213542 0.355556 0.0416667 0.122222
7 0.0158854 0.34537 0.0296875 0.151852
7 0.600781 0.260648 0.0286458 0.156481
7 0.370573 0.287963 0.0234375 0.0944444
3 0.0388021 0.3625 0.00989583 0.0787037
0 0.161719 0.345833 0.0369792 0.108333
1 0.702083 0.332407 0.009375 0.0166667
0 0.6375 0.308333 0.0291667 0.062963
7 0.229167 0.286111 0.0322917 0.177778
7 0.517187 0.274537 0.021875 0.117593
7 0.277083 0.268519 0.034375 0.194444
