7 0.076823 0.362037 0.031771 0.088889
6 0.267448 0.331481 0.026562 0.062963
7 0.420052 0.312963 0.023438 0.055556
0 0.988021 0.364815 0.023958 0.085185
3 0.092708 0.348611 0.013542 0.093519
0 0.917969 0.344907 0.040104 0.099074
6 0.961198 0.362500 0.038021 0.091667
0 0.080729 0.386574 0.032292 0.067593
7 0.924479 0.313426 0.028125 0.136111
7 0.089063 0.344907 0.020833 0.102778
7 0.452865 0.277778 0.032813 0.112963
0 0.961198 0.361574 0.038021 0.093519
7 0.061719 0.356944 0.017188 0.073148
0 0.419792 0.312963 0.022917 0.057407
0 0.397396 0.318981 0.021875 0.050926
6 0.081250 0.386111 0.031250 0.068518
3 0.150781 0.340278 0.006771 0.060185
6 0.716406 0.314352 0.051562 0.100926
7 0.666667 0.250000 0.039583 0.211111
1 0.016667 0.417593 0.013542 0.024074
1 0.883333 0.375463 0.018750 0.034259
0 0.267708 0.331481 0.026042 0.066667
7 0.201302 0.310185 0.026562 0.131481
1 0.811719 0.361574 0.017188 0.030556
7 0.763802 0.243981 0.054688 0.250926
2 0.120833 0.350000 0.064583 0.074074
14 0.527359 0.298742 0.172170 0.064990