7 0.20625 0.308796 0.0177083 0.0842593
6 0.16901 0.344907 0.0192708 0.0490741
6 0.956771 0.356481 0.03125 0.0666667
0 0.957031 0.355093 0.0317708 0.0694444
0 0.986458 0.357407 0.0260417 0.0666667
6 0.927604 0.348611 0.0291667 0.0675926
7 0.251042 0.297685 0.021875 0.100926
7 0.157552 0.319444 0.0223958 0.1
7 0.738281 0.266204 0.0380208 0.175
7 0.363281 0.272685 0.0234375 0.149074
1 0.84349 0.354167 0.0130208 0.0212963
7 0.126042 0.323148 0.0177083 0.101852
6 0.216667 0.346759 0.0302083 0.0675926
6 0.76849 0.316667 0.0359375 0.0833333
7 0.185677 0.310185 0.0192708 0.101852
7 0.899479 0.265278 0.0489583 0.260185
7 0.68151 0.226389 0.0692708 0.328704
7 0.461198 0.219907 0.155729 0.40463
