6 0.697135 0.301389 0.025521 0.063889
11 0.990625 0.348611 0.017708 0.106481
6 0.723958 0.306944 0.022917 0.054630
3 0.895312 0.316204 0.006250 0.054630
7 0.673437 0.271296 0.032292 0.124074
7 0.506771 0.252315 0.040625 0.108333
7 0.152865 0.306481 0.025521 0.129630
7 0.236979 0.312500 0.021875 0.082407
3 0.952344 0.326389 0.006771 0.058333
6 0.991667 0.350463 0.016666 0.112037
0 0.520312 0.312500 0.057292 0.110185
7 0.178125 0.302778 0.023958 0.129630
6 0.520052 0.312037 0.057813 0.109259
7 0.599219 0.268519 0.039063 0.150000
7 0.199219 0.306019 0.023438 0.121296
2 0.925000 0.326389 0.063542 0.062037
0 0.584115 0.308333 0.038021 0.092593
0 0.791146 0.318519 0.035417 0.088889
7 0.744531 0.261574 0.034896 0.180556
7 0.270052 0.288426 0.027604 0.128704
14 0.642335 0.292453 0.036557 0.052411
14 0.578656 0.496855 0.001179 0.000000
12 0.240644 0.428827 0.477807 0.134610
1 0.223260 0.358028 0.009161 0.017915