7 0.016146 0.342130 0.029167 0.167593
7 0.251563 0.302778 0.018750 0.083333
7 0.966146 0.183796 0.025000 0.113889
7 0.205469 0.307870 0.016146 0.093519
7 0.521875 0.272685 0.037500 0.139815
7 0.031771 0.343981 0.033333 0.149074
3 0.062760 0.351389 0.009896 0.089815
7 0.435417 0.268056 0.035417 0.125000
0 0.548437 0.306481 0.042708 0.103704
3 0.141146 0.334259 0.009375 0.087037
7 0.629167 0.260185 0.066667 0.203704
0 0.461458 0.318056 0.056250 0.130556
2 0.102344 0.345370 0.085938 0.101852
14 0.793278 0.297694 0.399764 0.121593
1 0.692627 0.316471 0.009742 0.017318
1 0.591110 0.316926 0.008716 0.018230