3 0.139062 0.334722 0.008333 0.065741
0 0.866146 0.341667 0.041667 0.103704
7 0.597917 0.286574 0.033333 0.115741
7 0.957031 0.340741 0.031771 0.125926
6 0.671188 0.307966 0.036791 0.111846
7 0.870833 0.300463 0.027083 0.080556
4 0.521615 0.268981 0.020313 0.041667
0 0.815885 0.327315 0.039063 0.097222
1 0.783594 0.351389 0.014063 0.028704
0 0.917188 0.355556 0.046875 0.105556
1 0.195833 0.362500 0.014583 0.025000
7 0.623958 0.283796 0.042708 0.134259
7 0.769271 0.327778 0.053125 0.124074
0 0.708333 0.313889 0.043750 0.101852
2 0.172396 0.334722 0.076042 0.067593
0 0.524740 0.312500 0.064062 0.139815
0 0.132812 0.350000 0.025000 0.070370
7 0.200260 0.290278 0.041146 0.167593
1 0.817708 0.370833 0.020833 0.036111
0 0.237240 0.359259 0.067187 0.148148
14 0.549175 0.291405 0.178066 0.050314
13 0.503184 0.199161 0.041274 0.067086
6 0.640959 0.321808 0.047310 0.087677