0 0.231771 0.342593 0.016667 0.031482
0 0.008333 0.388889 0.015625 0.050000
0 0.144531 0.346196 0.026562 0.087238
7 0.923698 0.206019 0.079687 0.402778
7 0.246615 0.306944 0.017188 0.091667
6 0.871354 0.331944 0.151042 0.312037
4 0.809375 0.229630 0.014583 0.037037
7 0.232031 0.307407 0.020313 0.094444
7 0.973958 0.273148 0.052083 0.435185
7 0.581771 0.284722 0.032292 0.128704
3 0.362760 0.304630 0.007813 0.066667
7 0.545833 0.288426 0.052083 0.121296
3 0.295312 0.310648 0.007292 0.062037
7 0.781250 0.124537 0.051042 0.202778
0 0.204167 0.343056 0.022917 0.060185
1 0.958073 0.517593 0.067187 0.144444
2 0.328906 0.309259 0.074479 0.066667
14 0.674764 0.277778 0.127358 0.106918
6 0.765448 0.336766 0.056571 0.167102
1 0.111973 0.382149 0.011190 0.017683