7 0.855990 0.270877 0.033854 0.189903
4 0.907552 0.334259 0.014063 0.035185
7 0.820312 0.231481 0.026042 0.116667
0 0.233854 0.352315 0.112500 0.269444
7 0.724219 0.214815 0.103646 0.407407
6 0.960024 0.366972 0.079952 0.387649
7 0.665365 0.166204 0.056771 0.306481
4 0.978646 0.204167 0.036458 0.076852
7 0.267188 0.261111 0.198958 0.507407
14 0.365212 0.270440 0.536557 0.192872
13 0.256132 0.045073 0.134434 0.090146
0 0.023821 0.383648 0.040094 0.134172
0 0.905307 0.749476 0.001179 0.002096
6 0.895283 0.336478 0.101415 0.331237
7 0.112854 0.306080 0.050708 0.169811