7 0.213542 0.306944 0.017708 0.095370
7 0.182031 0.310185 0.017188 0.090741
0 0.304835 0.326599 0.034669 0.074581
3 0.971094 0.329167 0.009896 0.080556
7 0.138542 0.316204 0.014583 0.086111
7 0.265104 0.291667 0.020833 0.088889
7 0.160677 0.314352 0.017188 0.087963
0 0.232292 0.336111 0.032292 0.079630
7 0.201823 0.307407 0.020313 0.094444
7 0.609896 0.255093 0.032292 0.169444
0 0.896875 0.326389 0.073958 0.223148
7 0.568229 0.262963 0.030208 0.151852
7 0.296875 0.291204 0.038542 0.095370
2 0.983594 0.336111 0.032812 0.096296
0 0.360156 0.326852 0.051562 0.120370
14 0.441274 0.291405 0.273585 0.050314
1 0.714534 0.328256 0.010444 0.020114
1 0.743255 0.330577 0.008703 0.018567