7 0.81849 0.326389 0.0244792 0.0675926
2 0.229687 0.319907 0.05625 0.0583333
0 0.214323 0.331019 0.0171875 0.0416667
1 0.913281 0.346296 0.0161458 0.0259259
0 0.910677 0.337037 0.0203125 0.0425926
1 0.944271 0.356019 0.0135417 0.0231481
7 0.140104 0.308796 0.0197917 0.123148
7 0.255208 0.293981 0.021875 0.10463
0 0.885677 0.331019 0.0265625 0.0731481
7 0.272135 0.3 0.0213542 0.101852
6 0.853646 0.346296 0.0458333 0.0981481
1 0.91901 0.356481 0.0109375 0.0185185
6 0.886458 0.333796 0.0270833 0.0657407
6 0.244271 0.351852 0.04375 0.1
7 0.285937 0.293056 0.0229167 0.115741
0 0.24401 0.352315 0.0453125 0.100926
0 0.853385 0.346296 0.0453125 0.0944444
0 0.365885 0.324537 0.0515625 0.115741
7 0.172656 0.302315 0.0338542 0.15463
7 0.942448 0.286574 0.0338542 0.163889
0 0.460156 0.318981 0.0880208 0.225
7 0.55625 0.226852 0.0635417 0.303704
