6 0.574479 0.306481 0.0239583 0.05
6 0.267708 0.334259 0.0333333 0.0814815
7 0.449479 0.271759 0.025 0.134259
0 0.575 0.305093 0.0239583 0.0527778
7 0.952865 0.312037 0.0265625 0.137037
3 0.311458 0.314815 0.00729167 0.0574074
0 0.00598958 0.39537 0.0119792 0.062963
7 0.215885 0.3125 0.0203125 0.0916667
0 0.919792 0.338426 0.0322917 0.0805556
7 0.198958 0.314352 0.0197917 0.0898148
0 0.816406 0.324537 0.0369792 0.0842593
7 0.260417 0.308796 0.0239583 0.108333
7 0.851823 0.284259 0.0338542 0.146296
7 0.234635 0.30787 0.0223958 0.100926
0 0.979688 0.359722 0.034375 0.0861111
1 0.890104 0.364815 0.0166667 0.0277778
6 0.817187 0.325 0.0375 0.087037
0 0.860417 0.32963 0.0322917 0.0833333
2 0.292448 0.319444 0.0442708 0.062963
7 0.43724 0.276852 0.0432292 0.140741
1 0.944792 0.377778 0.015625 0.0296296
7 0.652604 0.223148 0.0677083 0.316667
7 0.713021 0.242593 0.0552083 0.246296
