7 0.834375 0.111574 0.0125 0.0712963
7 0.704687 0.27037 0.0229167 0.111111
6 0.854167 0.315278 0.0333333 0.0675926
2 0.591927 0.298611 0.0786458 0.0675926
0 0.920052 0.331481 0.0244792 0.0462963
0 0.560156 0.328704 0.0692708 0.138889
1 0.938542 0.353704 0.0104167 0.0166667
0 0.808073 0.316667 0.0296875 0.0611111
1 0.903125 0.347685 0.0104167 0.0157407
6 0.0507812 0.384722 0.0338542 0.0731481
0 0.954687 0.337963 0.0260417 0.0574074
0 0.854688 0.313889 0.0333333 0.0740741
0 0.0505208 0.383796 0.0333333 0.0731481
2 0.0320312 0.369444 0.0640625 0.12037
6 0.561198 0.326852 0.0692708 0.137037
7 0.499219 0.230093 0.0609375 0.249074
7 0.441667 0.235648 0.0395833 0.232407
7 0.075 0.310185 0.0583333 0.209259
