7 0.0200521 0.360648 0.0255208 0.0824074
7 0.075 0.335185 0.0239583 0.105556
7 0.00859375 0.352315 0.0171875 0.110185
6 0.946094 0.355556 0.0317708 0.0685185
12 0.096875 0.446759 0.19375 0.0990741
3 0.836458 0.306944 0.00833333 0.0657407
0 0.56224 0.308796 0.0369792 0.0675926
0 0.233594 0.340278 0.0578125 0.152778
7 0.665885 0.254167 0.0265625 0.150926
2 0.804167 0.308333 0.0770833 0.0685185
0 0.945833 0.354167 0.0322917 0.0694444
0 0.326823 0.323148 0.0473958 0.125926
0 0.514063 0.317593 0.0510417 0.111111
7 0.355208 0.250926 0.0385417 0.238889
7 0.702344 0.220833 0.0453125 0.308333
7 0.766667 0.212037 0.0645833 0.372222
