4 0.155729 0.325926 0.011458 0.033333
7 0.215885 0.338889 0.021354 0.061111
0 0.159115 0.359722 0.027604 0.056481
1 0.121094 0.379630 0.010937 0.020370
7 0.255729 0.325463 0.016667 0.054630
7 0.236458 0.320370 0.017708 0.066667
4 0.832292 0.249537 0.013542 0.034259
7 0.132031 0.337037 0.029687 0.124074
3 0.362500 0.304630 0.007292 0.064815
3 0.295312 0.310648 0.006250 0.060185
6 0.158333 0.362037 0.028125 0.055556
0 0.216146 0.342130 0.022917 0.060185
7 0.852344 0.148611 0.061979 0.204630
7 0.605990 0.274074 0.031771 0.135185
6 0.828906 0.318056 0.124479 0.256481
7 0.967448 0.230093 0.060937 0.425000
0 0.829948 0.319444 0.126563 0.264815
1 0.972396 0.476389 0.047917 0.104630
2 0.329688 0.310648 0.075000 0.063889
14 0.687736 0.286164 0.136792 0.111111