7 0.964063 0.291667 0.0145833 0.0425926
1 0.988021 0.377315 0.0135417 0.0268519
0 0.94375 0.339352 0.028125 0.075
7 0.989583 0.354167 0.0197917 0.0805556
3 0.327083 0.302778 0.00625 0.0611111
7 0.210156 0.282407 0.0307292 0.174074
6 0.876823 0.341667 0.0411458 0.0777778
7 0.859115 0.272222 0.0328125 0.148148
3 0.395312 0.299074 0.00625 0.0592593
0 0.071875 0.36713 0.0208333 0.062037
0 0.747135 0.323148 0.0588542 0.135185
1 0.220313 0.359259 0.0177083 0.0259259
7 0.263281 0.284259 0.0286458 0.157407
2 0.361979 0.302778 0.0729167 0.0574074
0 0.493229 0.30463 0.03125 0.0796296
