7 0.00755208 0.308796 0.0151042 0.215741
4 0.772656 0.275 0.0119792 0.0259259
1 0.908854 0.35 0.0104167 0.0185185
7 0.0213542 0.299537 0.0395833 0.234259
4 0.496354 0.263889 0.0125 0.0259259
7 0.440104 0.285648 0.0177083 0.0768519
0 0.776823 0.341204 0.0588542 0.117593
7 0.523177 0.2875 0.0296875 0.087963
0 0.482292 0.32037 0.0520833 0.1
7 0.574219 0.282407 0.0255208 0.0962963
6 0.482031 0.318981 0.0546875 0.0990741
6 0.776042 0.340278 0.0583333 0.113889
0 0.60599 0.313426 0.0307292 0.0657407
7 0.0671875 0.313889 0.04375 0.216667
7 0.101562 0.31713 0.0416667 0.219444
0 0.0380208 0.403241 0.05 0.113889
