7 0.266927 0.303704 0.0171875 0.087037
0 0.815104 0.337963 0.0625 0.161111
7 0.622135 0.285185 0.0348958 0.133333
7 0.960156 0.230556 0.0765625 0.451852
3 0.402865 0.303241 0.0078125 0.0638889
6 0.180729 0.359722 0.0270833 0.0527778
7 0.857031 0.144444 0.0692708 0.261111
1 0.145052 0.377315 0.0140625 0.0268519
1 0.988021 0.533333 0.0239583 0.172222
7 0.284115 0.303704 0.0223958 0.0925926
3 0.335677 0.310185 0.00677083 0.062963
7 0.592969 0.285185 0.0578125 0.131481
0 0.921094 0.326852 0.151562 0.351852
0 0.242188 0.337037 0.0229167 0.0611111
2 0.36901 0.309259 0.0744792 0.0666667
