7 0.673437 0.287500 0.014583 0.062037
3 0.519010 0.291204 0.007813 0.067593
7 0.716927 0.284259 0.014063 0.068518
7 0.833073 0.293981 0.016146 0.078704
7 0.855990 0.300926 0.018229 0.075926
1 0.741406 0.325000 0.008854 0.014815
6 0.288021 0.328704 0.026042 0.044444
0 0.387240 0.315741 0.023438 0.051852
2 0.482292 0.295370 0.082292 0.072222
7 0.470573 0.208333 0.065104 0.338889
1 0.367708 0.350926 0.017708 0.031482
7 0.541146 0.235185 0.047917 0.250000
0 0.329167 0.331019 0.044792 0.106481
0 0.977604 0.348148 0.035417 0.081481
13 0.042099 0.247379 0.045991 0.079665
14 0.064387 0.359539 0.128774 0.069182
3 0.441038 0.297526 0.007547 0.066247
1 0.451415 0.320587 0.005660 0.011740
1 0.514858 0.319329 0.007075 0.015933
1 0.240107 0.345912 0.011137 0.012812
7 0.153760 0.313301 0.022930 0.133939
1 0.676240 0.321806 0.007211 0.014588
1 0.700982 0.319596 0.006465 0.010168