7 0.026562 0.344907 0.025000 0.132407
12 0.023958 0.473148 0.047916 0.068518
1 0.044010 0.399537 0.013021 0.021296
7 0.040365 0.337963 0.027604 0.142593
7 0.011979 0.343519 0.022917 0.135185
2 0.975260 0.331481 0.047396 0.096296
6 0.752083 0.308086 0.068750 0.139383
7 0.656771 0.250000 0.038542 0.190741
0 0.080990 0.392593 0.070313 0.214815
7 0.712760 0.253241 0.032813 0.186111
0 0.255469 0.337037 0.072396 0.207407
7 0.377344 0.241204 0.084896 0.319444
7 0.955990 0.264815 0.050521 0.287037
0 0.574219 0.322222 0.091146 0.231481
14 0.426533 0.268344 0.366745 0.113208
4 0.762508 0.260931 0.011371 0.024708
7 0.792621 0.260931 0.031166 0.190925