7 0.442187 0.279167 0.017708 0.082407
7 0.781250 0.277315 0.022917 0.121296
7 0.403125 0.281944 0.019792 0.084259
0 0.474415 0.302009 0.018622 0.058945
7 0.472656 0.279630 0.024479 0.096296
0 0.414844 0.312963 0.022396 0.055556
0 0.730729 0.329630 0.072917 0.172222
7 0.528385 0.277778 0.023438 0.107407
7 0.945052 0.294444 0.029687 0.170370
0 0.553906 0.308796 0.033854 0.075000
7 0.016406 0.331944 0.031771 0.236111
14 0.583373 0.287212 0.260613 0.058700
1 0.341981 0.323719 0.004880 0.010844
1 0.447707 0.320104 0.008133 0.015181
1 0.871628 0.342955 0.007833 0.018567
1 0.903394 0.347597 0.008703 0.021661