6 0.614062 0.307870 0.030208 0.063889
6 0.648698 0.306944 0.032813 0.069444
7 0.589323 0.289352 0.027604 0.091667
7 0.876823 0.294907 0.023438 0.119444
7 0.939062 0.337037 0.020833 0.077778
3 0.009115 0.367593 0.010937 0.081481
1 0.796354 0.343981 0.013542 0.025000
2 0.007813 0.370370 0.015625 0.090741
0 0.966927 0.362037 0.025521 0.053704
1 0.187500 0.376389 0.017708 0.032407
0 0.220313 0.335185 0.038542 0.107407
0 0.708854 0.324537 0.064583 0.147222
7 0.082031 0.286574 0.040104 0.262037
14 0.443337 0.287255 0.211673 0.055701
13 0.421226 0.207547 0.049528 0.067086
1 0.311575 0.327483 0.008703 0.012378