7 0.680729 0.233333 0.021875 0.0481481
0 0.00859375 0.396296 0.0171875 0.0703704
7 0.285417 0.293056 0.0177083 0.0842593
4 0.00494792 0.356019 0.00885417 0.0231481
1 0.980729 0.377315 0.0114583 0.0212963
6 0.00885417 0.398611 0.015625 0.0694444
0 0.917448 0.33287 0.0380208 0.0953704
7 0.0223958 0.333333 0.0375 0.175926
0 0.507812 0.3125 0.034375 0.0824074
7 0.538802 0.273148 0.0421875 0.159259
3 0.0752604 0.350463 0.00989583 0.0953704
2 0.0411458 0.360185 0.0770833 0.122222
7 0.36276 0.244444 0.0369792 0.261111
7 0.859896 0.266204 0.0427083 0.212037
7 0.423698 0.239352 0.0401042 0.262037
0 0.229427 0.340741 0.0994792 0.277778
