0 0.854167 0.323148 0.03125 0.062963
7 0.788281 0.281019 0.0213542 0.125
1 0.939844 0.356019 0.0119792 0.0194444
6 0.854167 0.325 0.0322917 0.0611111
6 0.567708 0.331944 0.0895833 0.186111
7 0.472396 0.281481 0.0208333 0.0814815
7 0.80651 0.280093 0.0255208 0.141667
7 0.49401 0.281481 0.0244792 0.0907407
0 0.957812 0.342593 0.025 0.0537037
7 0.76849 0.269444 0.0317708 0.15
7 0.538021 0.276389 0.0270833 0.113889
7 0.83151 0.273611 0.0255208 0.149074
1 0.276563 0.465741 0.0604167 0.114815
0 0.569271 0.330093 0.0885417 0.193519
0 0.420573 0.313889 0.0390625 0.0907407
6 0.0375 0.453704 0.075 0.307407
