0 0.823958 0.337963 0.076042 0.155556
7 0.279427 0.296759 0.027604 0.108333
4 0.113542 0.316367 0.012500 0.025326
3 0.027604 0.368056 0.006250 0.060185
3 0.077083 0.352315 0.007292 0.062037
7 0.479688 0.156019 0.034375 0.126852
7 0.317969 0.260185 0.050521 0.225926
6 0.354307 0.316204 0.039863 0.126852
0 0.260677 0.329167 0.025521 0.052778
1 0.514844 0.380556 0.030729 0.059259
7 0.384635 0.218056 0.041146 0.173148
0 0.159896 0.347222 0.025000 0.066667
1 0.457031 0.368056 0.026562 0.045370
1 0.036324 0.414490 0.011726 0.027127
6 0.114582 0.369564 0.035414 0.089129
2 0.053646 0.362037 0.057292 0.072222
0 0.686458 0.327315 0.093750 0.204630
7 0.557552 0.237037 0.141146 0.466667
7 0.230189 0.297694 0.023585 0.121593
0 0.949086 0.336766 0.101828 0.402282
0 0.914273 0.854318 0.000870 0.001547
0 0.616188 0.301180 0.060923 0.219708