1 0.828906 0.34213 0.0130208 0.0212963
0 0.955469 0.335648 0.0255208 0.062037
7 0.382031 0.275926 0.0401042 0.181481
0 0.215625 0.353241 0.0354167 0.0787037
7 0.533073 0.234722 0.0473958 0.236111
6 0.78724 0.315741 0.0338542 0.0740741
6 0.215885 0.354167 0.0338542 0.0787037
7 0.247917 0.306481 0.01875 0.087037
0 0.785937 0.313426 0.0333333 0.0824074
7 0.289323 0.294907 0.0307292 0.15463
0 0.416927 0.321296 0.0526042 0.135185
7 0.467708 0.217593 0.0833333 0.422222
7 0.355729 0.247222 0.11875 0.47963
7 0.71224 0.229167 0.126563 0.449074
