0 0.645052 0.303704 0.0213542 0.0518519
7 0.1625 0.314815 0.01875 0.0944444
7 0.6 0.272222 0.0239583 0.107407
7 0.199479 0.309722 0.01875 0.0898148
7 0.301302 0.297222 0.0192708 0.0777778
7 0.499479 0.258796 0.021875 0.147222
7 0.178125 0.313889 0.0229167 0.0962963
7 0.222396 0.304167 0.021875 0.0898148
0 0.864583 0.329167 0.0322917 0.0768519
2 0.891667 0.317593 0.0708333 0.0592593
7 0.664323 0.270833 0.0213542 0.115741
7 0.806771 0.269907 0.0302083 0.169444
0 0.582552 0.313426 0.0348958 0.0824074
7 0.955469 0.330093 0.0880208 0.626852
