0 0.894271 0.343519 0.0302083 0.0592593
0 0.926302 0.346759 0.0317708 0.0638889
7 0.817187 0.272685 0.03125 0.152778
0 0.964063 0.352315 0.0260417 0.0768519
6 0.92526 0.344444 0.0307292 0.062963
7 0.171875 0.333796 0.0177083 0.0638889
0 0.838802 0.326389 0.0296875 0.0657407
7 0.189844 0.326389 0.0161458 0.0675926
0 0.747656 0.307407 0.0411458 0.0833333
6 0.749479 0.30787 0.040625 0.0824074
0 0.491406 0.30463 0.0203125 0.05
6 0.894271 0.342593 0.0302083 0.062963
1 0.81224 0.344907 0.0140625 0.0231481
0 0.514583 0.302778 0.0208333 0.0518519
7 0.545833 0.274074 0.0270833 0.101852
6 0.0859375 0.374074 0.028125 0.0648148
2 0.221354 0.329167 0.0625 0.0583333
7 0.778906 0.258796 0.0348958 0.182407
1 0.166927 0.368981 0.0130208 0.0212963
7 0.719271 0.2625 0.04375 0.160185
0 0.388802 0.313426 0.0213542 0.0583333
7 0.289062 0.29213 0.0291667 0.125
6 0.242708 0.341204 0.0270833 0.0583333
1 0.860156 0.355093 0.0151042 0.025
7 0.0541667 0.313889 0.107292 0.607407
