7 0.878906 0.311111 0.0130208 0.0759259
6 0.667708 0.317593 0.0302083 0.0611111
7 0.759635 0.273148 0.0244792 0.125926
0 0.464063 0.301852 0.021875 0.0592593
7 0.467187 0.285648 0.0229167 0.087963
0 0.402604 0.317593 0.0197917 0.0481481
7 0.405208 0.288426 0.0197917 0.0916667
7 0.424219 0.283796 0.0182292 0.0842593
7 0.873177 0.309722 0.0161458 0.0768519
7 0.37526 0.287037 0.0192708 0.0888889
6 0.538542 0.314815 0.0322917 0.062963
7 0.734896 0.271296 0.0302083 0.124074
0 0.538021 0.3125 0.03125 0.0657407
6 0.699479 0.333333 0.0677083 0.138889
7 0.446354 0.284259 0.0197917 0.0833333
7 0.5125 0.278241 0.025 0.10463
7 0.0203125 0.337037 0.040625 0.22963
