7 0.902865 0.315741 0.023438 0.096296
0 0.794271 0.317130 0.026042 0.069444
7 0.832031 0.303241 0.020313 0.080556
0 0.844531 0.329630 0.023438 0.057407
7 0.011719 0.328704 0.022396 0.222222
7 0.734375 0.246759 0.030208 0.137963
3 0.105208 0.341204 0.007292 0.073148
1 0.879687 0.355556 0.012500 0.022222
0 0.768490 0.328555 0.035937 0.099703
1 0.124479 0.389815 0.017708 0.031482
0 0.724479 0.323148 0.054167 0.129630
3 0.171615 0.329167 0.006771 0.067593
0 0.341927 0.318981 0.033854 0.087963
2 0.138021 0.337500 0.075000 0.076852
7 0.074479 0.294907 0.043750 0.260185
14 0.583962 0.291405 0.186321 0.050314
13 0.566274 0.210692 0.044811 0.064990
13 0.570401 0.574423 0.005896 0.000000