3 0.884896 0.304630 0.007292 0.062963
7 0.109115 0.322685 0.017188 0.104630
0 0.736198 0.305093 0.025521 0.049074
7 0.155469 0.313889 0.017188 0.092593
7 0.130990 0.318056 0.018229 0.091667
7 0.097135 0.322685 0.022396 0.113889
0 0.840365 0.316204 0.024479 0.056481
7 0.559375 0.256944 0.025000 0.145370
1 0.816406 0.347685 0.019271 0.034259
7 0.069271 0.328241 0.019792 0.110185
0 0.455469 0.316204 0.085938 0.208333
2 0.920833 0.312500 0.077083 0.075000
11 0.242571 0.320755 0.034198 0.129979
14 0.424175 0.285115 0.222877 0.054507
13 0.441543 0.172706 0.056716 0.068883
3 0.955140 0.316562 0.006388 0.082984
1 0.894458 0.331848 0.006879 0.012229
1 0.951700 0.342331 0.007370 0.015723
1 0.683422 0.313505 0.010318 0.015723
6 0.589082 0.292453 0.027024 0.063767
0 0.628184 0.298742 0.029481 0.050314