7 0.226562 0.245833 0.0177083 0.0342593
9 0.853125 0.306019 0.0104167 0.0194444
4 0.677344 0.263889 0.0161458 0.0259259
7 0.0981771 0.3125 0.0411458 0.152778
0 0.10599 0.362963 0.0453125 0.125926
7 0.496354 0.197685 0.040625 0.087963
0 0.0229167 0.405556 0.03125 0.087037
1 0.966406 0.366204 0.0119792 0.0212963
0 0.71276 0.312037 0.0369792 0.0888889
6 0.713802 0.313426 0.0359375 0.0842593
6 0.664323 0.3125 0.0671875 0.102778
1 0.763802 0.339815 0.0151042 0.0259259
7 0.551042 0.251389 0.0395833 0.206481
7 0.807031 0.260185 0.0505208 0.218519
7 0.859896 0.269907 0.04375 0.225
