7 0.709115 0.312963 0.0182292 0.0574074
3 0.0960938 0.355556 0.00885417 0.0703704
0 0.333333 0.321759 0.021875 0.0509259
4 0.110937 0.336111 0.0104167 0.0203704
6 0.333333 0.323148 0.0229167 0.0481481
0 0.361458 0.316667 0.0208333 0.0518519
7 0.911198 0.295833 0.0307292 0.132407
7 0.957552 0.338426 0.0182292 0.0916667
0 0.81224 0.334259 0.0296875 0.0574074
6 0.626042 0.311574 0.034375 0.0731481
1 0.702083 0.340741 0.0135417 0.0222222
6 0.114583 0.371759 0.034375 0.0694444
7 0.136458 0.319907 0.0239583 0.162037
4 0.0505208 0.310185 0.0135417 0.0333333
2 0.071875 0.361111 0.059375 0.0796296
7 0.394531 0.291204 0.0286458 0.0935185
0 0.0455729 0.404167 0.0640625 0.15463
0 0.242448 0.334259 0.0234375 0.0611111
7 0.584896 0.265278 0.0375 0.14537
1 0.753385 0.345833 0.0140625 0.0231481
7 0.6625 0.268519 0.0364583 0.161111
6 0.0455729 0.401852 0.0640625 0.153704
