7 0.23151 0.307407 0.0192708 0.0833333
3 0.196875 0.328704 0.00833333 0.0481481
0 0.367708 0.318981 0.0375 0.0953704
0 0.785417 0.313426 0.0260417 0.0712963
0 0.509375 0.318981 0.0552083 0.113889
7 0.223958 0.306944 0.0166667 0.0842593
2 0.170052 0.33287 0.0598958 0.0509259
7 0.63776 0.225463 0.0713542 0.415741
6 0.269531 0.341667 0.0411458 0.0888889
6 0.509115 0.319444 0.0546875 0.107407
7 0.335677 0.283333 0.0453125 0.157407
7 0.604688 0.222685 0.0979167 0.443519
7 0.480208 0.2375 0.0395833 0.236111
